# Time Pop_0 Pop_1 Pop_2 Pop_3 Pop_4 Pop_5 Pop_6 Pop_7 Pop_8 Pop_9 Pop_10 Pop_11 Pop_12 Pop_13 Pop_14
0.0 0.934066 0.000000 0.000000 0.000000 0.000000 0.000000 0.000570 0.020775 0.000000 0.000000 0.017499 0.025105 0.000903 0.000903 0.000179
1.0 0.934066 0.000000 0.000000 0.000000 0.000000 0.000000 0.000570 0.020775 0.000000 0.000000 0.017499 0.025105 0.000903 0.000903 0.000179
2.0 0.934064 0.000000 0.000000 0.000000 0.000000 0.000000 0.000570 0.020774 0.000000 0.000000 0.017498 0.025108 0.000904 0.000904 0.000179
3.0 0.934058 0.000000 0.000000 0.000000 0.000000 0.000000 0.000570 0.020772 0.000000 0.000000 0.017493 0.025120 0.000904 0.000904 0.000179
4.0 0.934045 0.000000 0.000000 0.000000 0.000000 0.000000 0.000572 0.020767 0.000000 0.000000 0.017481 0.025148 0.000904 0.000904 0.000178
5.0 0.934022 0.000000 0.000000 0.000000 0.000000 0.000000 0.000576 0.020759 0.000000 0.000000 0.017457 0.025199 0.000905 0.000905 0.000177
6.0 0.933987 0.000000 0.000000 0.000000 0.000000 0.000000 0.000582 0.020749 0.000000 0.000000 0.017413 0.025280 0.000906 0.000906 0.000176
7.0 0.933943 0.000000 0.000000 0.000000 0.000000 0.000000 0.000593 0.020739 0.000000 0.000000 0.017345 0.025392 0.000907 0.000907 0.000174
8.0 0.933895 0.000000 0.000000 0.000000 0.000000 0.000000 0.000610 0.020732 0.000000 0.000000 0.017243 0.025533 0.000908 0.000908 0.000171
9.0 0.933848 0.000000 0.000000 0.000000 0.000000 0.000000 0.000636 0.020733 0.000000 0.000000 0.017101 0.025697 0.000909 0.000909 0.000167
10.0 0.933813 0.000000 0.000000 0.000000 0.000000 0.000000 0.000672 0.020746 0.000000 0.000000 0.016914 0.025874 0.000909 0.000909 0.000162
11.0 0.933797 0.000000 0.000000 0.000000 0.000000 0.000000 0.000723 0.020773 0.000000 0.000000 0.016675 0.026057 0.000909 0.000909 0.000156
12.0 0.933807 0.000000 0.000000 0.000000 0.000000 0.000000 0.000792 0.020816 0.000000 0.000000 0.016381 0.026237 0.000910 0.000910 0.000148
13.0 0.933844 0.000000 0.000000 0.000000 0.000000 0.000000 0.000883 0.020874 0.000000 0.000000 0.016029 0.026409 0.000911 0.000911 0.000139
14.0 0.933908 0.000000 0.000000 0.000000 0.000000 0.000000 0.001002 0.020945 0.000000 0.000000 0.015618 0.026571 0.000914 0.000914 0.000127
15.0 0.933992 0.000000 0.000000 0.000000 0.000000 0.000000 0.001156 0.021026 0.000000 0.000000 0.015149 0.026721 0.000920 0.000920 0.000115
16.0 0.934087 0.000000 0.000000 0.000000 0.000000 0.000000 0.001351 0.021115 0.000000 0.000000 0.014625 0.026863 0.000929 0.000929 0.000101
17.0 0.934180 0.000000 0.000000 0.000000 0.000000 0.000000 0.001595 0.021208 0.000000 0.000000 0.014049 0.026996 0.000943 0.000943 0.000087
18.0 0.934258 0.000000 0.000000 0.000000 0.000000 0.000000 0.001899 0.021306 0.000000 0.000000 0.013425 0.027120 0.000960 0.000960 0.000073
19.0 0.934308 0.000000 0.000000 0.000000 0.000000 0.000000 0.002271 0.021407 0.000000 0.000000 0.012760 0.027234 0.000981 0.000981 0.000059
20.0 0.934316 0.000000 0.000000 0.000000 0.000000 0.000000 0.002721 0.021515 0.000000 0.000000 0.012059 0.027331 0.001005 0.001005 0.000048
21.0 0.934269 0.000000 0.000000 0.000000 0.000000 0.000000 0.003261 0.021632 0.000000 0.000000 0.011330 0.027406 0.001032 0.001032 0.000038
22.0 0.934157 0.000000 0.000000 0.000000 0.000000 0.000000 0.003900 0.021760 0.000000 0.000000 0.010580 0.027451 0.001061 0.001061 0.000031
23.0 0.933964 0.000000 0.000000 0.000000 0.000000 0.000000 0.004650 0.021902 0.000000 0.000000 0.009813 0.027458 0.001092 0.001092 0.000029
24.0 0.933679 0.000000 0.000000 0.000000 0.000000 0.000000 0.005522 0.022060 0.000000 0.000000 0.009037 0.027423 0.001124 0.001124 0.000031
25.0 0.933287 0.000000 0.000000 0.000000 0.000000 0.000000 0.006529 0.022232 0.000000 0.000000 0.008253 0.027341 0.001159 0.001159 0.000040
26.0 0.932773 0.000000 0.000000 0.000000 0.000000 0.000000 0.007683 0.022417 0.000000 0.000000 0.007467 0.027212 0.001196 0.001196 0.000057
27.0 0.932128 0.000000 0.000000 0.000000 0.000000 0.000000 0.008997 0.022608 0.000000 0.000000 0.006679 0.027035 0.001235 0.001235 0.000082
28.0 0.931342 0.000000 0.000000 0.000000 0.000000 0.000000 0.010484 0.022797 0.000000 0.000000 0.005891 0.026810 0.001279 0.001279 0.000117
29.0 0.930410 0.000000 0.000000 0.000000 0.000000 0.000000 0.012157 0.022976 0.000000 0.000000 0.005107 0.026535 0.001327 0.001327 0.000162
30.0 0.929331 0.000000 0.000000 0.000000 0.000000 0.000000 0.014028 0.023132 0.000000 0.000000 0.004330 0.026205 0.001378 0.001378 0.000217
31.0 0.928104 0.000000 0.000000 0.000000 0.000000 0.000000 0.016111 0.023255 0.000000 0.000000 0.003566 0.025815 0.001433 0.001433 0.000284
32.0 0.926725 0.000000 0.000000 0.000000 0.000000 0.000000 0.018417 0.023335 0.000000 0.000000 0.002828 0.025356 0.001490 0.001490 0.000361
33.0 0.925184 0.000000 0.000000 0.000000 0.000000 0.000000 0.020957 0.023362 0.000000 0.000000 0.002133 0.024819 0.001548 0.001548 0.000449
34.0 0.923461 0.000000 0.000000 0.000000 0.000000 0.000000 0.023745 0.023331 0.000000 0.000000 0.001504 0.024199 0.001606 0.001606 0.000547
35.0 0.921520 0.000000 0.000000 0.000000 0.000000 0.000000 0.026791 0.023236 0.000000 0.000000 0.000975 0.023493 0.001664 0.001664 0.000657
36.0 0.919310 0.000000 0.000000 0.000000 0.000000 0.000000 0.030109 0.023074 0.000000 0.000000 0.000589 0.022703 0.001720 0.001720 0.000775
37.0 0.916763 0.000000 0.000000 0.000000 0.000000 0.000000 0.033714 0.022842 0.000000 0.000000 0.000399 0.021833 0.001775 0.001775 0.000900
38.0 0.913797 0.000000 0.000000 0.000000 0.000000 0.000000 0.037621 0.022536 0.000000 0.000000 0.000466 0.020893 0.001827 0.001827 0.001031
39.0 0.910319 0.000000 0.000000 0.000000 0.000000 0.000000 0.041851 0.022153 0.000000 0.000000 0.000864 0.019894 0.001877 0.001877 0.001166
40.0 0.906227 0.000000 0.000000 0.000000 0.000000 0.000000 0.046421 0.021689 0.000000 0.000000 0.001668 0.018846 0.001924 0.001924 0.001302
41.0 0.901417 0.000000 0.000000 0.000000 0.000000 0.000000 0.051357 0.021139 0.000000 0.000000 0.002959 0.017756 0.001967 0.001967 0.001438
42.0 0.895787 0.000000 0.000000 0.000000 0.000000 0.000000 0.056685 0.020501 0.000000 0.000000 0.004812 0.016633 0.002005 0.002005 0.001573
43.0 0.889242 0.000000 0.000000 0.000000 0.000000 0.000000 0.062436 0.019775 0.000000 0.000000 0.007289 0.015478 0.002038 0.002038 0.001705
44.0 0.881697 0.000000 0.000000 0.000000 0.000000 0.000000 0.068649 0.018963 0.000000 0.000000 0.010432 0.014299 0.002064 0.002064 0.001832
45.0 0.873083 0.000000 0.000000 0.000000 0.000000 0.000000 0.075370 0.018070 0.000000 0.000000 0.014252 0.013100 0.002085 0.002085 0.001954
46.0 0.863355 0.000000 0.000000 0.000000 0.000000 0.000000 0.082655 0.017105 0.000000 0.000000 0.018719 0.011893 0.002102 0.002102 0.002070
47.0 0.852495 0.000000 0.000000 0.000000 0.000000 0.000000 0.090573 0.016079 0.000000 0.000000 0.023750 0.010693 0.002116 0.002116 0.002178
48.0 0.840521 0.000000 0.000000 0.000000 0.000000 0.000000 0.099209 0.015004 0.000000 0.000000 0.029207 0.009517 0.002132 0.002132 0.002279
49.0 0.827483 0.000000 0.000000 0.000000 0.000000 0.000000 0.108665 0.013898 0.000000 0.000000 0.034891 0.008383 0.002153 0.002153 0.002373
50.0 0.813468 0.000000 0.000000 0.000000 0.000000 0.000000 0.119067 0.012778 0.000000 0.000000 0.040546 0.007310 0.002184 0.002184 0.002462
51.0 0.798587 0.000000 0.000000 0.000000 0.000000 0.000000 0.130564 0.011664 0.000000 0.000000 0.045868 0.006311 0.002229 0.002229 0.002549
52.0 0.782956 0.000000 0.000000 0.000000 0.000000 0.000000 0.143330 0.010572 0.000000 0.000000 0.050520 0.005396 0.002294 0.002294 0.002639
53.0 0.766678 0.000000 0.000000 0.000000 0.000000 0.000000 0.157567 0.009520 0.000000 0.000000 0.054165 0.004568 0.002382 0.002382 0.002737
54.0 0.749807 0.000000 0.000000 0.000000 0.000000 0.000000 0.173503 0.008520 0.000000 0.000000 0.056494 0.003829 0.002498 0.002498 0.002850
55.0 0.732314 0.000000 0.000000 0.000000 0.000000 0.000000 0.191385 0.007581 0.000000 0.000000 0.057270 0.003177 0.002645 0.002645 0.002983
56.0 0.714059 0.000000 0.000000 0.000000 0.000000 0.000000 0.211468 0.006706 0.000000 0.000000 0.056370 0.002609 0.002823 0.002823 0.003142
57.0 0.694767 0.000000 0.000000 0.000000 0.000000 0.000000 0.234000 0.005898 0.000000 0.000000 0.053818 0.002123 0.003031 0.003031 0.003332
58.0 0.674026 0.000000 0.000000 0.000000 0.000000 0.000000 0.259198 0.005156 0.000000 0.000000 0.049819 0.001715 0.003266 0.003266 0.003555
59.0 0.651308 0.000000 0.000000 0.000000 0.000000 0.000000 0.287221 0.004484 0.000000 0.000000 0.044756 0.001385 0.003519 0.003519 0.003808
60.0 0.626025 0.000000 0.000000 0.000000 0.000000 0.000000 0.318127 0.003891 0.000000 0.000000 0.039182 0.001130 0.003779 0.003779 0.004088
61.0 0.597610 0.000000 0.000000 0.000000 0.000000 0.000000 0.351840 0.003394 0.000000 0.000000 0.033761 0.000949 0.004032 0.004032 0.004384
62.0 0.565637 0.000000 0.000000 0.000000 0.000000 0.000000 0.388109 0.003015 0.000000 0.000000 0.029197 0.000838 0.004260 0.004260 0.004685
63.0 0.529948 0.000000 0.000000 0.000000 0.000000 0.000000 0.426472 0.002787 0.000000 0.000000 0.026130 0.000793 0.004445 0.004445 0.004980
64.0 0.490788 0.000000 0.000000 0.000000 0.000000 0.000000 0.466242 0.002741 0.000000 0.000000 0.025025 0.000809 0.004571 0.004571 0.005255
65.0 0.448894 0.000000 0.000000 0.000000 0.000000 0.000000 0.506508 0.002904 0.000000 0.000000 0.026071 0.000874 0.004625 0.004625 0.005499
66.0 0.405539 0.000000 0.000000 0.000000 0.000000 0.000000 0.546168 0.003289 0.000000 0.000000 0.029120 0.000973 0.004604 0.004604 0.005703
67.0 0.362476 0.000000 0.000000 0.000000 0.000000 0.000000 0.583991 0.003889 0.000000 0.000000 0.033673 0.001085 0.004514 0.004514 0.005857
68.0 0.321777 0.000000 0.000000 0.000000 0.000000 0.000000 0.618713 0.004661 0.000000 0.000000 0.038956 0.001187 0.004376 0.004376 0.005955
69.0 0.285571 0.000000 0.000000 0.000000 0.000000 0.000000 0.649154 0.005528 0.000000 0.000000 0.044060 0.001255 0.004222 0.004222 0.005989
70.0 0.255715 0.000000 0.000000 0.000000 0.000000 0.000000 0.674341 0.006377 0.000000 0.000000 0.048147 0.001269 0.004098 0.004098 0.005955
71.0 0.233447 0.000000 0.000000 0.000000 0.000000 0.000000 0.693625 0.007070 0.000000 0.000000 0.050673 0.001218 0.004057 0.004057 0.005852
72.0 0.219112 0.000000 0.000000 0.000000 0.000000 0.000000 0.706755 0.007461 0.000000 0.000000 0.051573 0.001102 0.004156 0.004156 0.005686
73.0 0.212038 0.000000 0.000000 0.000000 0.000000 0.000000 0.713898 0.007428 0.000000 0.000000 0.051349 0.000935 0.004443 0.004443 0.005467
74.0 0.210638 0.000000 0.000000 0.000000 0.000000 0.000000 0.715592 0.006899 0.000000 0.000000 0.051003 0.000742 0.004954 0.004954 0.005218
75.0 0.212738 0.000000 0.000000 0.000000 0.000000 0.000000 0.712620 0.005880 0.000000 0.000000 0.051812 0.000563 0.005707 0.005707 0.004973
76.0 0.216092 0.000000 0.000000 0.000000 0.000000 0.000000 0.705829 0.004473 0.000000 0.000000 0.054970 0.000448 0.006698 0.006698 0.004793
77.0 0.218951 0.000000 0.000000 0.000000 0.000000 0.000000 0.695924 0.002890 0.000000 0.000000 0.061192 0.000453 0.007910 0.007910 0.004770
78.0 0.220515 0.000000 0.000000 0.000000 0.000000 0.000000 0.683283 0.001459 0.000000 0.000000 0.070411 0.000632 0.009327 0.009327 0.005047
79.0 0.221080 0.000000 0.000000 0.000000 0.000000 0.000000 0.667851 0.000613 0.000000 0.000000 0.081697 0.001029 0.010952 0.010952 0.005825
80.0 0.221787 0.000000 0.000000 0.000000 0.000000 0.000000 0.649143 0.000871 0.000000 0.000000 0.093469 0.001681 0.012829 0.012829 0.007392
81.0 0.223981 0.000000 0.000000 0.000000 0.000000 0.000000 0.626375 0.002793 0.000000 0.000000 0.103999 0.002605 0.015055 0.015055 0.010137
82.0 0.228372 0.000000 0.000000 0.000000 0.000000 0.000000 0.598701 0.006927 0.000000 0.000000 0.112042 0.003797 0.017788 0.017788 0.014585
83.0 0.234303 0.000000 0.000000 0.000000 0.000000 0.000000 0.565500 0.013731 0.000000 0.000000 0.117383 0.005220 0.021224 0.021224 0.021414
84.0 0.239485 0.000000 0.000000 0.000000 0.000000 0.000000 0.526644 0.023476 0.000000 0.000000 0.121017 0.006787 0.025561 0.025561 0.031468
85.0 0.240418 0.000000 0.000000 0.000000 0.000000 0.000000 0.482670 0.036123 0.000000 0.000000 0.124816 0.008356 0.030942 0.030942 0.045734
86.0 0.233496 0.000000 0.000000 0.000000 0.000000 0.000000 0.434812 0.051210 0.000000 0.000000 0.130694 0.009744 0.037391 0.037391 0.065261
87.0 0.216464 0.000000 0.000000 0.000000 0.000000 0.000000 0.384886 0.067776 0.000000 0.000000 0.139563 0.010755 0.044771 0.044771 0.091013
88.0 0.189665 0.000000 0.000000 0.000000 0.000000 0.000000 0.335048 0.084381 0.000000 0.000000 0.150524 0.011216 0.052763 0.052763 0.123641
89.0 0.156472 0.000000 0.000000 0.000000 0.000000 0.000000 0.287504 0.099261 0.000000 0.000000 0.160758 0.011014 0.060896 0.060896 0.163198
90.0 0.122561 0.000000 0.000000 0.000000 0.000000 0.000000 0.244223 0.110613 0.000000 0.000000 0.166366 0.010121 0.068623 0.068623 0.208870
91.0 0.094125 0.000000 0.000000 0.000000 0.000000 0.000000 0.206738 0.116938 0.000000 0.000000 0.163973 0.008611 0.075418 0.075418 0.258778
92.0 0.075687 0.000000 0.000000 0.000000 0.000000 0.000000 0.176062 0.117359 0.000000 0.000000 0.152516 0.006666 0.080885 0.080885 0.309940
93.0 0.068438 0.000000 0.000000 0.000000 0.000000 0.000000 0.152716 0.111837 0.000000 0.000000 0.134366 0.004558 0.084827 0.084827 0.358430
94.0 0.069914 0.000000 0.000000 0.000000 0.000000 0.000000 0.136859 0.101241 0.000000 0.000000 0.115118 0.002606 0.087274 0.087274 0.399715
95.0 0.075253 0.000000 0.000000 0.000000 0.000000 0.000000 0.128462 0.087273 0.000000 0.000000 0.101889 0.001111 0.088439 0.088439 0.429132
96.0 0.079504 0.000000 0.000000 0.000000 0.000000 0.000000 0.127471 0.072274 0.000000 0.000000 0.100713 0.000322 0.088636 0.088636 0.442446
97.0 0.079857 0.000000 0.000000 0.000000 0.000000 0.000000 0.133867 0.058928 0.000000 0.000000 0.114143 0.000415 0.088178 0.088178 0.436436
98.0 0.076660 0.000000 0.000000 0.000000 0.000000 0.000000 0.147530 0.049907 0.000000 0.000000 0.140263 0.001495 0.087311 0.087311 0.409522
99.0 0.072651 0.000000 0.000000 0.000000 0.000000 0.000000 0.167869 0.047443 0.000000 0.000000 0.173688 0.003572 0.086192 0.086192 0.362393
100.0 0.070848 0.000000 0.000000 0.000000 0.000000 0.000000 0.193277 0.052822 0.000000 0.000000 0.208129 0.006511 0.084914 0.084914 0.298584
101.0 0.072353 0.000000 0.000000 0.000000 0.000000 0.000000 0.220629 0.065866 0.000000 0.000000 0.239227 0.009976 0.083568 0.083568 0.224813
102.0 0.075434 0.000000 0.000000 0.000000 0.000000 0.000000 0.245193 0.084549 0.000000 0.000000 0.266041 0.013447 0.082275 0.082275 0.150786
103.0 0.076552 0.000000 0.000000 0.000000 0.000000 0.000000 0.261242 0.105033 0.000000 0.000000 0.290299 0.016311 0.081188 0.081188 0.088187
104.0 0.072751 0.000000 0.000000 0.000000 0.000000 0.000000 0.263462 0.122356 0.000000 0.000000 0.313749 0.018017 0.080455 0.080455 0.048754
105.0 0.063966 0.000000 0.000000 0.000000 0.000000 0.000000 0.248797 0.131727 0.000000 0.000000 0.335205 0.018217 0.080170 0.080170 0.041748
106.0 0.053665 0.000000 0.000000 0.000000 0.000000 0.000000 0.217970 0.130001 0.000000 0.000000 0.349276 0.016867 0.080336 0.080336 0.071548
107.0 0.047243 0.000000 0.000000 0.000000 0.000000 0.000000 0.175828 0.116728 0.000000 0.000000 0.347992 0.014246 0.080871 0.080871 0.136222
108.0 0.048976 0.000000 0.000000 0.000000 0.000000 0.000000 0.130004 0.094280 0.000000 0.000000 0.324895 0.010886 0.081636 0.081636 0.227688
109.0 0.059340 0.000000 0.000000 0.000000 0.000000 0.000000 0.088250 0.067073 0.000000 0.000000 0.279545 0.007419 0.082479 0.082479 0.333414
110.0 0.074393 0.000000 0.000000 0.000000 0.000000 0.000000 0.055638 0.040303 0.000000 0.000000 0.219803 0.004401 0.083258 0.083258 0.438945
111.0 0.087718 0.000000 0.000000 0.000000 0.000000 0.000000 0.033166 0.018832 0.000000 0.000000 0.160141 0.002221 0.083824 0.083824 0.530274
112.0 0.093846 0.000000 0.000000 0.000000 0.000000 0.000000 0.018672 0.006605 0.000000 0.000000 0.116350 0.001114 0.083999 0.083999 0.595414
113.0 0.091145 0.000000 0.000000 0.000000 0.000000 0.000000 0.009553 0.006543 0.000000 0.000000 0.099183 0.001231 0.083568 0.083568 0.625209
114.0 0.082389 0.000000 0.000000 0.000000 0.000000 0.000000 0.005389 0.020478 0.000000 0.000000 0.110347 0.002661 0.082316 0.082316 0.614103
115.0 0.072684 0.000000 0.000000 0.000000 0.000000 0.000000 0.008312 0.048692 0.000000 0.000000 0.143144 0.005361 0.080121 0.080121 0.561565
116.0 0.066130 0.000000 0.000000 0.000000 0.000000 0.000000 0.020403 0.089067 0.000000 0.000000 0.187228 0.009050 0.077035 0.077035 0.474052
117.0 0.063418 0.000000 0.000000 0.000000 0.000000 0.000000 0.039830 0.136407 0.000000 0.000000 0.234249 0.013163 0.073324 0.073324 0.366286
118.0 0.061936 0.000000 0.000000 0.000000 0.000000 0.000000 0.059132 0.182736 0.000000 0.000000 0.280374 0.016938 0.069418 0.069418 0.260049
119.0 0.058212 0.000000 0.000000 0.000000 0.000000 0.000000 0.068139 0.219004 0.000000 0.000000 0.323903 0.019613 0.065803 0.065803 0.179522
120.0 0.050836 0.000000 0.000000 0.000000 0.000000 0.000000 0.060584 0.237791 0.000000 0.000000 0.360158 0.020650 0.062903 0.062903 0.144174
121.0 0.041673 0.000000 0.000000 0.000000 0.000000 0.000000 0.039651 0.235786 0.000000 0.000000 0.378745 0.019908 0.061001 0.061001 0.162236
122.0 0.034545 0.000000 0.000000 0.000000 0.000000 0.000000 0.017239 0.214720 0.000000 0.000000 0.367222 0.017665 0.060232 0.060232 0.228144
123.0 0.032556 0.000000 0.000000 0.000000 0.000000 0.000000 0.005990 0.180188 0.000000 0.000000 0.320226 0.014487 0.060626 0.060626 0.325301
124.0 0.036179 0.000000 0.000000 0.000000 0.000000 0.000000 0.009667 0.139081 0.000000 0.000000 0.247537 0.010979 0.062165 0.062165 0.432226
125.0 0.043438 0.000000 0.000000 0.000000 0.000000 0.000000 0.020400 0.097282 0.000000 0.000000 0.173540 0.007609 0.064802 0.064802 0.528127
126.0 0.051607 0.000000 0.000000 0.000000 0.000000 0.000000 0.026580 0.059025 0.000000 0.000000 0.126077 0.004677 0.068426 0.068426 0.595184
127.0 0.058860 0.000000 0.000000 0.000000 0.000000 0.000000 0.025269 0.027828 0.000000 0.000000 0.121405 0.002395 0.072760 0.072760 0.618723
128.0 0.064818 0.000000 0.000000 0.000000 0.000000 0.000000 0.026825 0.007314 0.000000 0.000000 0.156300 0.000927 0.077261 0.077261 0.589293
129.0 0.070326 0.000000 0.000000 0.000000 0.000000 0.000000 0.044928 0.000191 0.000000 0.000000 0.213272 0.000323 0.081063 0.081063 0.508834
130.0 0.077189 0.000000 0.000000 0.000000 0.000000 0.000000 0.079821 0.005645 0.000000 0.000000 0.273605 0.000401 0.083065 0.083065 0.397209
131.0 0.087668 0.000000 0.000000 0.000000 0.000000 0.000000 0.112573 0.017755 0.000000 0.000000 0.325788 0.000756 0.082213 0.082213 0.291034
132.0 0.102857 0.000000 0.000000 0.000000 0.000000 0.000000 0.120183 0.027519 0.000000 0.000000 0.362369 0.000965 0.077911 0.077911 0.230286
133.0 0.120193 0.000000 0.000000 0.000000 0.000000 0.000000 0.099228 0.028111 0.000000 0.000000 0.372134 0.000862 0.070404 0.070404 0.238663
134.0 0.132544 0.000000 0.000000 0.000000 0.000000 0.000000 0.072133 0.019456 0.000000 0.000000 0.341902 0.000652 0.060877 0.060877 0.311558
135.0 0.131318 0.000000 0.000000 0.000000 0.000000 0.000000 0.064795 0.008220 0.000000 0.000000 0.271827 0.000764 0.051106 0.051106 0.420864
136.0 0.112552 0.000000 0.000000 0.000000 0.000000 0.000000 0.077255 0.003436 0.000000 0.000000 0.188557 0.001561 0.042786 0.042786 0.531066
137.0 0.080879 0.000000 0.000000 0.000000 0.000000 0.000000 0.082570 0.012148 0.000000 0.000000 0.135817 0.003101 0.036875 0.036875 0.611737
138.0 0.047015 0.000000 0.000000 0.000000 0.000000 0.000000 0.059631 0.038426 0.000000 0.000000 0.143614 0.005106 0.033303 0.033303 0.639602
139.0 0.020756 0.000000 0.000000 0.000000 0.000000 0.000000 0.021904 0.083769 0.000000 0.000000 0.204260 0.007075 0.031213 0.031213 0.599810
140.0 0.006567 0.000000 0.000000 0.000000 0.000000 0.000000 0.003230 0.144352 0.000000 0.000000 0.280789 0.008428 0.029560 0.029560 0.497514
141.0 0.005487 0.000000 0.000000 0.000000 0.000000 0.000000 0.015306 0.205952 0.000000 0.000000 0.338185 0.008653 0.027777 0.027777 0.370864
142.0 0.018303 0.000000 0.000000 0.000000 0.000000 0.000000 0.033450 0.244773 0.000000 0.000000 0.362398 0.007542 0.026167 0.026167 0.281199
143.0 0.043172 0.000000 0.000000 0.000000 0.000000 0.000000 0.033024 0.239975 0.000000 0.000000 0.352220 0.005414 0.025752 0.025752 0.274692
144.0 0.070726 0.000000 0.000000 0.000000 0.000000 0.000000 0.025829 0.190057 0.000000 0.000000 0.308338 0.003057 0.027480 0.027480 0.347033
145.0 0.087431 0.000000 0.000000 0.000000 0.000000 0.000000 0.040650 0.116791 0.000000 0.000000 0.242920 0.001272 0.031228 0.031228 0.448482
146.0 0.088073 0.000000 0.000000 0.000000 0.000000 0.000000 0.074336 0.051756 0.000000 0.000000 0.190574 0.000396 0.035417 0.035417 0.524031
147.0 0.081439 0.000000 0.000000 0.000000 0.000000 0.000000 0.089509 0.019955 0.000000 0.000000 0.187632 0.000309 0.037898 0.037898 0.545359
148.0 0.077703 0.000000 0.000000 0.000000 0.000000 0.000000 0.066223 0.035055 0.000000 0.000000 0.234273 0.000863 0.037629 0.037629 0.510625
149.0 0.072828 0.000000 0.000000 0.000000 0.000000 0.000000 0.028783 0.100031 0.000000 0.000000 0.291034 0.002102 0.035675 0.035675 0.433870
150.0 0.054774 0.000000 0.000000 0.000000 0.000000 0.000000 0.007857 0.199293 0.000000 0.000000 0.319303 0.003910 0.034390 0.034390 0.346082
151.0 0.026045 0.000000 0.000000 0.000000 0.000000 0.000000 0.002429 0.291000 0.000000 0.000000 0.313721 0.005608 0.035352 0.035352 0.290493
152.0 0.009143 0.000000 0.000000 0.000000 0.000000 0.000000 0.000009 0.323883 0.000000 0.000000 0.291579 0.006244 0.037976 0.037976 0.293190
153.0 0.023843 0.000000 0.000000 0.000000 0.000000 0.000000 0.009757 0.275256 0.000000 0.000000 0.268036 0.005410 0.040125 0.040125 0.337449
154.0 0.066720 0.000000 0.000000 0.000000 0.000000 0.000000 0.046057 0.171331 0.000000 0.000000 0.250848 0.003706 0.040150 0.040150 0.381036
155.0 0.116695 0.000000 0.000000 0.000000 0.000000 0.000000 0.093057 0.067837 0.000000 0.000000 0.244282 0.002315 0.038491 0.038491 0.398830
156.0 0.149914 0.000000 0.000000 0.000000 0.000000 0.000000 0.113396 0.016286 0.000000 0.000000 0.246999 0.002093 0.037394 0.037394 0.396523
157.0 0.146137 0.000000 0.000000 0.000000 0.000000 0.000000 0.090515 0.044329 0.000000 0.000000 0.253268 0.002961 0.038868 0.038868 0.385055
158.0 0.099772 0.000000 0.000000 0.000000 0.000000 0.000000 0.046469 0.143599 0.000000 0.000000 0.260043 0.004090 0.042500 0.042500 0.361026
159.0 0.037704 0.000000 0.000000 0.000000 0.000000 0.000000 0.014395 0.260825 0.000000 0.000000 0.268938 0.004683 0.045323 0.045323 0.322809
160.0 0.009262 0.000000 0.000000 0.000000 0.000000 0.000000 0.003593 0.319760 0.000000 0.000000 0.282039 0.004518 0.044484 0.044484 0.291861
161.0 0.039555 0.000000 0.000000 0.000000 0.000000 0.000000 0.007120 0.278575 0.000000 0.000000 0.293653 0.003742 0.040475 0.040475 0.296404
162.0 0.100978 0.000000 0.000000 0.000000 0.000000 0.000000 0.031477 0.166724 0.000000 0.000000 0.287167 0.002507 0.037060 0.037060 0.337028
163.0 0.143256 0.000000 0.000000 0.000000 0.000000 0.000000 0.076929 0.056912 0.000000 0.000000 0.257425 0.001116 0.037187 0.037187 0.389988
164.0 0.141360 0.000000 0.000000 0.000000 0.000000 0.000000 0.103359 0.007951 0.000000 0.000000 0.231111 0.000173 0.039574 0.039574 0.436898
165.0 0.104027 0.000000 0.000000 0.000000 0.000000 0.000000 0.078909 0.037703 0.000000 0.000000 0.233377 0.000069 0.040644 0.040644 0.464627
166.0 0.053434 0.000000 0.000000 0.000000 0.000000 0.000000 0.034755 0.126137 0.000000 0.000000 0.250173 0.000567 0.039542 0.039542 0.455849
167.0 0.017924 0.000000 0.000000 0.000000 0.000000 0.000000 0.011560 0.219815 0.000000 0.000000 0.257855 0.001276 0.039439 0.039439 0.412693
168.0 0.029790 0.000000 0.000000 0.000000 0.000000 0.000000 0.008580 0.250615 0.000000 0.000000 0.258564 0.002162 0.043400 0.043400 0.363488
169.0 0.097192 0.000000 0.000000 0.000000 0.000000 0.000000 0.018724 0.188140 0.000000 0.000000 0.264566 0.003161 0.050358 0.050358 0.327499
170.0 0.178369 0.000000 0.000000 0.000000 0.000000 0.000000 0.043031 0.077992 0.000000 0.000000 0.277555 0.003630 0.056009 0.056009 0.307404
171.0 0.209452 0.000000 0.000000 0.000000 0.000000 0.000000 0.072787 0.006077 0.000000 0.000000 0.279979 0.002867 0.057061 0.057061 0.314715
172.0 0.162150 0.000000 0.000000 0.000000 0.000000 0.000000 0.090696 0.022851 0.000000 0.000000 0.249717 0.001222 0.054180 0.054180 0.365005
173.0 0.068731 0.000000 0.000000 0.000000 0.000000 0.000000 0.078169 0.107187 0.000000 0.000000 0.202871 0.000246 0.050716 0.050716 0.441362
174.0 0.003676 0.000000 0.000000 0.000000 0.000000 0.000000 0.046866 0.186049 0.000000 0.000000 0.183568 0.001361 0.048149 0.048149 0.482183
175.0 0.036417 0.000000 0.000000 0.000000 0.000000 0.000000 0.029284 0.186069 0.000000 0.000000 0.212282 0.004194 0.043612 0.043612 0.444530
176.0 0.164791 0.000000 0.000000 0.000000 0.000000 0.000000 0.023859 0.099364 0.000000 0.000000 0.268428 0.006320 0.034367 0.034367 0.368505
177.0 0.285743 0.000000 0.000000 0.000000 0.000000 0.000000 0.026996 0.011008 0.000000 0.000000 0.298426 0.005554 0.023771 0.023771 0.324731
178.0 0.276685 0.000000 0.000000 0.000000 0.000000 0.000000 0.042584 0.024479 0.000000 0.000000 0.276691 0.002971 0.018391 0.018391 0.339808
179.0 0.137638 0.000000 0.000000 0.000000 0.000000 0.000000 0.045853 0.136632 0.000000 0.000000 0.240801 0.002165 0.019731 0.019731 0.397449
180.0 0.013065 0.000000 0.000000 0.000000 0.000000 0.000000 0.036034 0.224204 0.000000 0.000000 0.218489 0.004757 0.023467 0.023467 0.456516
181.0 0.029492 0.000000 0.000000 0.000000 0.000000 0.000000 0.042949 0.187100 0.000000 0.000000 0.205885 0.008267 0.026207 0.026207 0.473892
182.0 0.148738 0.000000 0.000000 0.000000 0.000000 0.000000 0.081988 0.069816 0.000000 0.000000 0.206157 0.009062 0.029471 0.029471 0.425297
183.0 0.224168 0.000000 0.000000 0.000000 0.000000 0.000000 0.117969 0.007585 0.000000 0.000000 0.237101 0.006378 0.036162 0.036162 0.334474
184.0 0.171652 0.000000 0.000000 0.000000 0.000000 0.000000 0.099994 0.074926 0.000000 0.000000 0.289670 0.003345 0.043841 0.043841 0.272729
185.0 0.055185 0.000000 0.000000 0.000000 0.000000 0.000000 0.066534 0.204767 0.000000 0.000000 0.296522 0.003669 0.045575 0.045575 0.282174
186.0 0.012724 0.000000 0.000000 0.000000 0.000000 0.000000 0.052167 0.253476 0.000000 0.000000 0.247886 0.006961 0.040163 0.040163 0.346459
187.0 0.094559 0.000000 0.000000 0.000000 0.000000 0.000000 0.045727 0.160746 0.000000 0.000000 0.217914 0.009269 0.035416 0.035416 0.400954
188.0 0.192988 0.000000 0.000000 0.000000 0.000000 0.000000 0.058181 0.032495 0.000000 0.000000 0.237239 0.008400 0.038094 0.038094 0.394508
189.0 0.181313 0.000000 0.000000 0.000000 0.000000 0.000000 0.090528 0.012221 0.000000 0.000000 0.255178 0.006369 0.046004 0.046004 0.362383
190.0 0.080126 0.000000 0.000000 0.000000 0.000000 0.000000 0.118296 0.099701 0.000000 0.000000 0.232237 0.006597 0.051968 0.051968 0.359106
191.0 0.013712 0.000000 0.000000 0.000000 0.000000 0.000000 0.094494 0.170220 0.000000 0.000000 0.219039 0.009507 0.054940 0.054940 0.383148
192.0 0.053258 0.000000 0.000000 0.000000 0.000000 0.000000 0.054063 0.136270 0.000000 0.000000 0.233658 0.011724 0.061397 0.061397 0.388235
193.0 0.149590 0.000000 0.000000 0.000000 0.000000 0.000000 0.051874 0.039619 0.000000 0.000000 0.245985 0.010456 0.070894 0.070894 0.360688
194.0 0.188679 0.000000 0.000000 0.000000 0.000000 0.000000 0.085648 0.002200 0.000000 0.000000 0.256663 0.006460 0.073721 0.073721 0.312907
195.0 0.120078 0.000000 0.000000 0.000000 0.000000 0.000000 0.106434 0.079882 0.000000 0.000000 0.281740 0.002685 0.065656 0.065656 0.277869
196.0 0.030344 0.000000 0.000000 0.000000 0.000000 0.000000 0.097387 0.177070 0.000000 0.000000 0.276665 0.001695 0.053605 0.053605 0.309629
197.0 0.039739 0.000000 0.000000 0.000000 0.000000 0.000000 0.085137 0.165322 0.000000 0.000000 0.211431 0.003389 0.047002 0.047002 0.400978
198.0 0.144665 0.000000 0.000000 0.000000 0.000000 0.000000 0.076641 0.058161 0.000000 0.000000 0.175639 0.005757 0.045496 0.045496 0.448145
199.0 0.209591 0.000000 0.000000 0.000000 0.000000 0.000000 0.094631 0.003832 0.000000 0.000000 0.211751 0.006749 0.043794 0.043794 0.385859
200.0 0.134348 0.000000 0.000000 0.000000 0.000000 0.000000 0.124823 0.092525 0.000000 0.000000 0.247937 0.005258 0.044001 0.044001 0.307106
