# Time Pop_0 Pop_1 Pop_2 Pop_3 Pop_4 Pop_5 Pop_6 Pop_7 Pop_8 Pop_9 Pop_10 Pop_11 Pop_12 Pop_13 Pop_14
0.0 0.934066 0.000000 0.000000 0.000000 0.000000 0.000000 0.000570 0.020775 0.000000 0.000000 0.017499 0.025105 0.000903 0.000903 0.000179
1.0 0.934066 0.000000 0.000000 0.000000 0.000000 0.000000 0.000570 0.020774 0.000000 0.000000 0.017499 0.025105 0.000903 0.000903 0.000179
2.0 0.934064 0.000000 0.000000 0.000000 0.000000 0.000000 0.000570 0.020774 0.000000 0.000000 0.017498 0.025108 0.000904 0.000904 0.000179
3.0 0.934057 0.000000 0.000000 0.000000 0.000000 0.000000 0.000570 0.020771 0.000000 0.000000 0.017494 0.025121 0.000904 0.000904 0.000179
4.0 0.934041 0.000000 0.000000 0.000000 0.000000 0.000000 0.000572 0.020764 0.000000 0.000000 0.017484 0.025153 0.000904 0.000904 0.000179
5.0 0.934010 0.000000 0.000000 0.000000 0.000000 0.000000 0.000575 0.020752 0.000000 0.000000 0.017463 0.025212 0.000905 0.000905 0.000178
6.0 0.933963 0.000000 0.000000 0.000000 0.000000 0.000000 0.000580 0.020735 0.000000 0.000000 0.017427 0.025306 0.000906 0.000906 0.000176
7.0 0.933900 0.000000 0.000000 0.000000 0.000000 0.000000 0.000589 0.020716 0.000000 0.000000 0.017368 0.025438 0.000908 0.000908 0.000174
8.0 0.933824 0.000000 0.000000 0.000000 0.000000 0.000000 0.000603 0.020697 0.000000 0.000000 0.017281 0.025607 0.000909 0.000909 0.000172
9.0 0.933742 0.000000 0.000000 0.000000 0.000000 0.000000 0.000623 0.020683 0.000000 0.000000 0.017158 0.025808 0.000909 0.000909 0.000168
10.0 0.933662 0.000000 0.000000 0.000000 0.000000 0.000000 0.000652 0.020677 0.000000 0.000000 0.016994 0.026032 0.000909 0.000909 0.000164
11.0 0.933594 0.000000 0.000000 0.000000 0.000000 0.000000 0.000692 0.020683 0.000000 0.000000 0.016784 0.026272 0.000908 0.000908 0.000159
12.0 0.933544 0.000000 0.000000 0.000000 0.000000 0.000000 0.000744 0.020701 0.000000 0.000000 0.016524 0.026521 0.000907 0.000907 0.000152
13.0 0.933515 0.000000 0.000000 0.000000 0.000000 0.000000 0.000812 0.020731 0.000000 0.000000 0.016209 0.026776 0.000906 0.000906 0.000144
14.0 0.933507 0.000000 0.000000 0.000000 0.000000 0.000000 0.000899 0.020770 0.000000 0.000000 0.015840 0.027036 0.000907 0.000907 0.000134
15.0 0.933515 0.000000 0.000000 0.000000 0.000000 0.000000 0.001009 0.020814 0.000000 0.000000 0.015415 0.027305 0.000910 0.000910 0.000122
16.0 0.933532 0.000000 0.000000 0.000000 0.000000 0.000000 0.001145 0.020860 0.000000 0.000000 0.014937 0.027586 0.000915 0.000915 0.000110
17.0 0.933545 0.000000 0.000000 0.000000 0.000000 0.000000 0.001314 0.020903 0.000000 0.000000 0.014410 0.027884 0.000924 0.000924 0.000096
18.0 0.933544 0.000000 0.000000 0.000000 0.000000 0.000000 0.001518 0.020943 0.000000 0.000000 0.013839 0.028203 0.000936 0.000936 0.000082
19.0 0.933516 0.000000 0.000000 0.000000 0.000000 0.000000 0.001762 0.020979 0.000000 0.000000 0.013230 0.028542 0.000951 0.000951 0.000068
20.0 0.933451 0.000000 0.000000 0.000000 0.000000 0.000000 0.002051 0.021014 0.000000 0.000000 0.012592 0.028899 0.000969 0.000969 0.000055
21.0 0.933339 0.000000 0.000000 0.000000 0.000000 0.000000 0.002389 0.021049 0.000000 0.000000 0.011935 0.029271 0.000988 0.000988 0.000043
22.0 0.933168 0.000000 0.000000 0.000000 0.000000 0.000000 0.002777 0.021088 0.000000 0.000000 0.011270 0.029650 0.001008 0.001008 0.000031
23.0 0.932926 0.000000 0.000000 0.000000 0.000000 0.000000 0.003220 0.021134 0.000000 0.000000 0.010609 0.030033 0.001028 0.001028 0.000021
24.0 0.932601 0.000000 0.000000 0.000000 0.000000 0.000000 0.003718 0.021190 0.000000 0.000000 0.009963 0.030417 0.001049 0.001049 0.000013
25.0 0.932178 0.000000 0.000000 0.000000 0.000000 0.000000 0.004272 0.021256 0.000000 0.000000 0.009345 0.030801 0.001070 0.001070 0.000008
26.0 0.931645 0.000000 0.000000 0.000000 0.000000 0.000000 0.004884 0.021330 0.000000 0.000000 0.008764 0.031186 0.001093 0.001093 0.000006
27.0 0.930991 0.000000 0.000000 0.000000 0.000000 0.000000 0.005552 0.021409 0.000000 0.000000 0.008231 0.031577 0.001117 0.001117 0.000008
28.0 0.930213 0.000000 0.000000 0.000000 0.000000 0.000000 0.006274 0.021486 0.000000 0.000000 0.007752 0.031974 0.001143 0.001143 0.000013
29.0 0.929316 0.000000 0.000000 0.000000 0.000000 0.000000 0.007048 0.021552 0.000000 0.000000 0.007335 0.032380 0.001173 0.001173 0.000023
30.0 0.928312 0.000000 0.000000 0.000000 0.000000 0.000000 0.007868 0.021598 0.000000 0.000000 0.006982 0.032792 0.001205 0.001205 0.000037
31.0 0.927224 0.000000 0.000000 0.000000 0.000000 0.000000 0.008727 0.021615 0.000000 0.000000 0.006697 0.033205 0.001240 0.001240 0.000054
32.0 0.926078 0.000000 0.000000 0.000000 0.000000 0.000000 0.009614 0.021595 0.000000 0.000000 0.006480 0.033609 0.001275 0.001275 0.000074
33.0 0.924906 0.000000 0.000000 0.000000 0.000000 0.000000 0.010517 0.021532 0.000000 0.000000 0.006329 0.033996 0.001312 0.001312 0.000096
34.0 0.923737 0.000000 0.000000 0.000000 0.000000 0.000000 0.011422 0.021425 0.000000 0.000000 0.006242 0.034357 0.001348 0.001348 0.000120
35.0 0.922601 0.000000 0.000000 0.000000 0.000000 0.000000 0.012313 0.021273 0.000000 0.000000 0.006213 0.034689 0.001383 0.001383 0.000144
36.0 0.921521 0.000000 0.000000 0.000000 0.000000 0.000000 0.013172 0.021079 0.000000 0.000000 0.006237 0.034989 0.001417 0.001417 0.000168
37.0 0.920520 0.000000 0.000000 0.000000 0.000000 0.000000 0.013980 0.020842 0.000000 0.000000 0.006304 0.035263 0.001450 0.001450 0.000190
38.0 0.919619 0.000000 0.000000 0.000000 0.000000 0.000000 0.014718 0.020565 0.000000 0.000000 0.006408 0.035518 0.001482 0.001482 0.000209
39.0 0.918840 0.000000 0.000000 0.000000 0.000000 0.000000 0.015364 0.020244 0.000000 0.000000 0.006540 0.035762 0.001514 0.001514 0.000223
40.0 0.918211 0.000000 0.000000 0.000000 0.000000 0.000000 0.015899 0.019877 0.000000 0.000000 0.006689 0.036003 0.001545 0.001545 0.000231
41.0 0.917761 0.000000 0.000000 0.000000 0.000000 0.000000 0.016304 0.019458 0.000000 0.000000 0.006849 0.036242 0.001576 0.001576 0.000234
42.0 0.917525 0.000000 0.000000 0.000000 0.000000 0.000000 0.016562 0.018982 0.000000 0.000000 0.007012 0.036480 0.001605 0.001605 0.000230
43.0 0.917539 0.000000 0.000000 0.000000 0.000000 0.000000 0.016658 0.018445 0.000000 0.000000 0.007170 0.036708 0.001631 0.001631 0.000220
44.0 0.917832 0.000000 0.000000 0.000000 0.000000 0.000000 0.016580 0.017844 0.000000 0.000000 0.007318 0.036916 0.001653 0.001653 0.000204
45.0 0.918431 0.000000 0.000000 0.000000 0.000000 0.000000 0.016323 0.017180 0.000000 0.000000 0.007450 0.037093 0.001670 0.001670 0.000184
46.0 0.919347 0.000000 0.000000 0.000000 0.000000 0.000000 0.015884 0.016456 0.000000 0.000000 0.007559 0.037229 0.001683 0.001683 0.000159
47.0 0.920581 0.000000 0.000000 0.000000 0.000000 0.000000 0.015268 0.015677 0.000000 0.000000 0.007641 0.037319 0.001692 0.001692 0.000132
48.0 0.922119 0.000000 0.000000 0.000000 0.000000 0.000000 0.014484 0.014848 0.000000 0.000000 0.007687 0.037362 0.001698 0.001698 0.000104
49.0 0.923936 0.000000 0.000000 0.000000 0.000000 0.000000 0.013548 0.013977 0.000000 0.000000 0.007692 0.037362 0.001704 0.001704 0.000078
50.0 0.925998 0.000000 0.000000 0.000000 0.000000 0.000000 0.012482 0.013071 0.000000 0.000000 0.007648 0.037326 0.001710 0.001710 0.000055
51.0 0.928265 0.000000 0.000000 0.000000 0.000000 0.000000 0.011313 0.012140 0.000000 0.000000 0.007550 0.037260 0.001718 0.001718 0.000037
52.0 0.930694 0.000000 0.000000 0.000000 0.000000 0.000000 0.010073 0.011192 0.000000 0.000000 0.007392 0.037168 0.001728 0.001728 0.000026
53.0 0.933245 0.000000 0.000000 0.000000 0.000000 0.000000 0.008796 0.010237 0.000000 0.000000 0.007170 0.037052 0.001738 0.001738 0.000024
54.0 0.935875 0.000000 0.000000 0.000000 0.000000 0.000000 0.007519 0.009286 0.000000 0.000000 0.006882 0.036910 0.001748 0.001748 0.000032
55.0 0.938545 0.000000 0.000000 0.000000 0.000000 0.000000 0.006278 0.008350 0.000000 0.000000 0.006529 0.036736 0.001757 0.001757 0.000049
56.0 0.941217 0.000000 0.000000 0.000000 0.000000 0.000000 0.005105 0.007438 0.000000 0.000000 0.006113 0.036527 0.001763 0.001763 0.000075
57.0 0.943851 0.000000 0.000000 0.000000 0.000000 0.000000 0.004031 0.006558 0.000000 0.000000 0.005641 0.036277 0.001766 0.001766 0.000110
58.0 0.946411 0.000000 0.000000 0.000000 0.000000 0.000000 0.003077 0.005719 0.000000 0.000000 0.005120 0.035985 0.001767 0.001767 0.000153
59.0 0.948858 0.000000 0.000000 0.000000 0.000000 0.000000 0.002261 0.004927 0.000000 0.000000 0.004565 0.035651 0.001768 0.001768 0.000202
60.0 0.951161 0.000000 0.000000 0.000000 0.000000 0.000000 0.001589 0.004185 0.000000 0.000000 0.003991 0.035279 0.001770 0.001770 0.000254
61.0 0.953291 0.000000 0.000000 0.000000 0.000000 0.000000 0.001061 0.003499 0.000000 0.000000 0.003415 0.034870 0.001777 0.001777 0.000309
62.0 0.955230 0.000000 0.000000 0.000000 0.000000 0.000000 0.000670 0.002873 0.000000 0.000000 0.002857 0.034428 0.001789 0.001789 0.000364
63.0 0.956967 0.000000 0.000000 0.000000 0.000000 0.000000 0.000402 0.002308 0.000000 0.000000 0.002335 0.033953 0.001809 0.001809 0.000418
64.0 0.958504 0.000000 0.000000 0.000000 0.000000 0.000000 0.000237 0.001808 0.000000 0.000000 0.001865 0.033444 0.001836 0.001836 0.000469
65.0 0.959854 0.000000 0.000000 0.000000 0.000000 0.000000 0.000154 0.001375 0.000000 0.000000 0.001459 0.032898 0.001871 0.001871 0.000518
66.0 0.961034 0.000000 0.000000 0.000000 0.000000 0.000000 0.000129 0.001010 0.000000 0.000000 0.001126 0.032310 0.001914 0.001914 0.000564
67.0 0.962066 0.000000 0.000000 0.000000 0.000000 0.000000 0.000142 0.000714 0.000000 0.000000 0.000865 0.031680 0.001963 0.001963 0.000607
68.0 0.962975 0.000000 0.000000 0.000000 0.000000 0.000000 0.000175 0.000489 0.000000 0.000000 0.000674 0.031006 0.002016 0.002016 0.000648
69.0 0.963780 0.000000 0.000000 0.000000 0.000000 0.000000 0.000215 0.000337 0.000000 0.000000 0.000542 0.030291 0.002075 0.002075 0.000687
70.0 0.964495 0.000000 0.000000 0.000000 0.000000 0.000000 0.000256 0.000260 0.000000 0.000000 0.000454 0.029538 0.002137 0.002137 0.000724
71.0 0.965127 0.000000 0.000000 0.000000 0.000000 0.000000 0.000295 0.000262 0.000000 0.000000 0.000396 0.028754 0.002203 0.002203 0.000759
72.0 0.965676 0.000000 0.000000 0.000000 0.000000 0.000000 0.000338 0.000348 0.000000 0.000000 0.000350 0.027945 0.002274 0.002274 0.000795
73.0 0.966133 0.000000 0.000000 0.000000 0.000000 0.000000 0.000391 0.000523 0.000000 0.000000 0.000304 0.027118 0.002350 0.002350 0.000831
74.0 0.966483 0.000000 0.000000 0.000000 0.000000 0.000000 0.000467 0.000793 0.000000 0.000000 0.000249 0.026276 0.002432 0.002432 0.000868
75.0 0.966706 0.000000 0.000000 0.000000 0.000000 0.000000 0.000578 0.001165 0.000000 0.000000 0.000183 0.025422 0.002520 0.002520 0.000907
76.0 0.966775 0.000000 0.000000 0.000000 0.000000 0.000000 0.000735 0.001649 0.000000 0.000000 0.000111 0.024556 0.002614 0.002614 0.000946
77.0 0.966661 0.000000 0.000000 0.000000 0.000000 0.000000 0.000952 0.002251 0.000000 0.000000 0.000046 0.023676 0.002714 0.002714 0.000984
78.0 0.966336 0.000000 0.000000 0.000000 0.000000 0.000000 0.001240 0.002980 0.000000 0.000000 0.000006 0.022780 0.002820 0.002820 0.001017
79.0 0.965767 0.000000 0.000000 0.000000 0.000000 0.000000 0.001611 0.003842 0.000000 0.000000 0.000012 0.021866 0.002929 0.002929 0.001044
80.0 0.964926 0.000000 0.000000 0.000000 0.000000 0.000000 0.002075 0.004842 0.000000 0.000000 0.000082 0.020933 0.003041 0.003041 0.001061
81.0 0.963789 0.000000 0.000000 0.000000 0.000000 0.000000 0.002646 0.005984 0.000000 0.000000 0.000228 0.019983 0.003153 0.003153 0.001064
82.0 0.962339 0.000000 0.000000 0.000000 0.000000 0.000000 0.003340 0.007266 0.000000 0.000000 0.000456 0.019021 0.003264 0.003264 0.001052
83.0 0.960571 0.000000 0.000000 0.000000 0.000000 0.000000 0.004170 0.008684 0.000000 0.000000 0.000756 0.018052 0.003373 0.003373 0.001022
84.0 0.958491 0.000000 0.000000 0.000000 0.000000 0.000000 0.005153 0.010231 0.000000 0.000000 0.001109 0.017084 0.003478 0.003478 0.000975
85.0 0.956122 0.000000 0.000000 0.000000 0.000000 0.000000 0.006299 0.011896 0.000000 0.000000 0.001485 0.016127 0.003580 0.003580 0.000912
86.0 0.953497 0.000000 0.000000 0.000000 0.000000 0.000000 0.007610 0.013668 0.000000 0.000000 0.001849 0.015188 0.003677 0.003677 0.000834
87.0 0.950661 0.000000 0.000000 0.000000 0.000000 0.000000 0.009078 0.015535 0.000000 0.000000 0.002168 0.014275 0.003768 0.003768 0.000746
88.0 0.947664 0.000000 0.000000 0.000000 0.000000 0.000000 0.010676 0.017491 0.000000 0.000000 0.002415 0.013393 0.003855 0.003855 0.000653
89.0 0.944549 0.000000 0.000000 0.000000 0.000000 0.000000 0.012361 0.019534 0.000000 0.000000 0.002582 0.012543 0.003935 0.003935 0.000561
90.0 0.941352 0.000000 0.000000 0.000000 0.000000 0.000000 0.014074 0.021674 0.000000 0.000000 0.002682 0.011724 0.004009 0.004009 0.000476
91.0 0.938082 0.000000 0.000000 0.000000 0.000000 0.000000 0.015746 0.023931 0.000000 0.000000 0.002747 0.010934 0.004077 0.004077 0.000406
92.0 0.934725 0.000000 0.000000 0.000000 0.000000 0.000000 0.017308 0.026338 0.000000 0.000000 0.002831 0.010168 0.004138 0.004138 0.000355
93.0 0.931233 0.000000 0.000000 0.000000 0.000000 0.000000 0.018703 0.028938 0.000000 0.000000 0.002998 0.009417 0.004193 0.004193 0.000325
94.0 0.927527 0.000000 0.000000 0.000000 0.000000 0.000000 0.019903 0.031780 0.000000 0.000000 0.003308 0.008677 0.004244 0.004244 0.000316
95.0 0.923509 0.000000 0.000000 0.000000 0.000000 0.000000 0.020918 0.034914 0.000000 0.000000 0.003809 0.007943 0.004293 0.004293 0.000322
96.0 0.919068 0.000000 0.000000 0.000000 0.000000 0.000000 0.021804 0.038378 0.000000 0.000000 0.004519 0.007212 0.004342 0.004342 0.000335
97.0 0.914108 0.000000 0.000000 0.000000 0.000000 0.000000 0.022664 0.042191 0.000000 0.000000 0.005421 0.006483 0.004394 0.004394 0.000345
98.0 0.908557 0.000000 0.000000 0.000000 0.000000 0.000000 0.023634 0.046339 0.000000 0.000000 0.006459 0.005761 0.004454 0.004454 0.000342
99.0 0.902398 0.000000 0.000000 0.000000 0.000000 0.000000 0.024867 0.050771 0.000000 0.000000 0.007546 0.005053 0.004524 0.004524 0.000319
100.0 0.895674 0.000000 0.000000 0.000000 0.000000 0.000000 0.026505 0.055392 0.000000 0.000000 0.008576 0.004366 0.004606 0.004606 0.000275
101.0 0.888501 0.000000 0.000000 0.000000 0.000000 0.000000 0.028652 0.060069 0.000000 0.000000 0.009440 0.003713 0.004704 0.004704 0.000216
102.0 0.881061 0.000000 0.000000 0.000000 0.000000 0.000000 0.031348 0.064645 0.000000 0.000000 0.010052 0.003106 0.004816 0.004816 0.000155
103.0 0.873583 0.000000 0.000000 0.000000 0.000000 0.000000 0.034556 0.068954 0.000000 0.000000 0.010361 0.002554 0.004942 0.004942 0.000107
104.0 0.866317 0.000000 0.000000 0.000000 0.000000 0.000000 0.038153 0.072853 0.000000 0.000000 0.010362 0.002066 0.005079 0.005079 0.000090
105.0 0.859498 0.000000 0.000000 0.000000 0.000000 0.000000 0.041948 0.076247 0.000000 0.000000 0.010100 0.001647 0.005221 0.005221 0.000117
106.0 0.853309 0.000000 0.000000 0.000000 0.000000 0.000000 0.045701 0.079113 0.000000 0.000000 0.009658 0.001298 0.005364 0.005364 0.000193
107.0 0.847844 0.000000 0.000000 0.000000 0.000000 0.000000 0.049160 0.081527 0.000000 0.000000 0.009141 0.001016 0.005500 0.005500 0.000312
108.0 0.843089 0.000000 0.000000 0.000000 0.000000 0.000000 0.052094 0.083659 0.000000 0.000000 0.008658 0.000793 0.005623 0.005623 0.000460
109.0 0.838914 0.000000 0.000000 0.000000 0.000000 0.000000 0.054332 0.085766 0.000000 0.000000 0.008297 0.000621 0.005728 0.005728 0.000616
110.0 0.835086 0.000000 0.000000 0.000000 0.000000 0.000000 0.055780 0.088162 0.000000 0.000000 0.008110 0.000488 0.005809 0.005809 0.000755
111.0 0.831307 0.000000 0.000000 0.000000 0.000000 0.000000 0.056438 0.091173 0.000000 0.000000 0.008106 0.000385 0.005866 0.005866 0.000860
112.0 0.827260 0.000000 0.000000 0.000000 0.000000 0.000000 0.056389 0.095083 0.000000 0.000000 0.008250 0.000303 0.005897 0.005897 0.000921
113.0 0.822670 0.000000 0.000000 0.000000 0.000000 0.000000 0.055787 0.100072 0.000000 0.000000 0.008473 0.000239 0.005907 0.005907 0.000943
114.0 0.817362 0.000000 0.000000 0.000000 0.000000 0.000000 0.054831 0.106178 0.000000 0.000000 0.008689 0.000191 0.005903 0.005903 0.000944
115.0 0.811301 0.000000 0.000000 0.000000 0.000000 0.000000 0.053731 0.113260 0.000000 0.000000 0.008812 0.000160 0.005893 0.005893 0.000951
116.0 0.804620 0.000000 0.000000 0.000000 0.000000 0.000000 0.052681 0.121001 0.000000 0.000000 0.008775 0.000150 0.005888 0.005888 0.000997
117.0 0.797605 0.000000 0.000000 0.000000 0.000000 0.000000 0.051837 0.128939 0.000000 0.000000 0.008539 0.000165 0.005902 0.005902 0.001111
118.0 0.790661 0.000000 0.000000 0.000000 0.000000 0.000000 0.051299 0.136525 0.000000 0.000000 0.008100 0.000207 0.005947 0.005947 0.001314
119.0 0.784235 0.000000 0.000000 0.000000 0.000000 0.000000 0.051108 0.143215 0.000000 0.000000 0.007487 0.000276 0.006032 0.006032 0.001613
120.0 0.778734 0.000000 0.000000 0.000000 0.000000 0.000000 0.051249 0.148558 0.000000 0.000000 0.006749 0.000371 0.006167 0.006167 0.002003
121.0 0.774433 0.000000 0.000000 0.000000 0.000000 0.000000 0.051661 0.152294 0.000000 0.000000 0.005952 0.000487 0.006355 0.006355 0.002463
122.0 0.771399 0.000000 0.000000 0.000000 0.000000 0.000000 0.052253 0.154415 0.000000 0.000000 0.005160 0.000618 0.006594 0.006594 0.002967
123.0 0.769454 0.000000 0.000000 0.000000 0.000000 0.000000 0.052921 0.155196 0.000000 0.000000 0.004428 0.000760 0.006879 0.006879 0.003483
124.0 0.768176 0.000000 0.000000 0.000000 0.000000 0.000000 0.053565 0.155173 0.000000 0.000000 0.003796 0.000912 0.007197 0.007197 0.003984
125.0 0.766962 0.000000 0.000000 0.000000 0.000000 0.000000 0.054096 0.155063 0.000000 0.000000 0.003291 0.001074 0.007533 0.007533 0.004449
126.0 0.765121 0.000000 0.000000 0.000000 0.000000 0.000000 0.054450 0.155650 0.000000 0.000000 0.002921 0.001254 0.007868 0.007868 0.004867
127.0 0.762014 0.000000 0.000000 0.000000 0.000000 0.000000 0.054595 0.157639 0.000000 0.000000 0.002685 0.001461 0.008184 0.008184 0.005237
128.0 0.757181 0.000000 0.000000 0.000000 0.000000 0.000000 0.054530 0.161517 0.000000 0.000000 0.002579 0.001703 0.008462 0.008462 0.005566
129.0 0.750452 0.000000 0.000000 0.000000 0.000000 0.000000 0.054294 0.167439 0.000000 0.000000 0.002593 0.001985 0.008686 0.008686 0.005867
130.0 0.742004 0.000000 0.000000 0.000000 0.000000 0.000000 0.053957 0.175171 0.000000 0.000000 0.002722 0.002305 0.008844 0.008844 0.006154
131.0 0.732351 0.000000 0.000000 0.000000 0.000000 0.000000 0.053625 0.184112 0.000000 0.000000 0.002960 0.002652 0.008929 0.008929 0.006443
132.0 0.722256 0.000000 0.000000 0.000000 0.000000 0.000000 0.053426 0.193383 0.000000 0.000000 0.003298 0.003006 0.008940 0.008940 0.006751
133.0 0.712592 0.000000 0.000000 0.000000 0.000000 0.000000 0.053500 0.201984 0.000000 0.000000 0.003726 0.003340 0.008880 0.008880 0.007098
134.0 0.704160 0.000000 0.000000 0.000000 0.000000 0.000000 0.053980 0.208989 0.000000 0.000000 0.004220 0.003624 0.008758 0.008758 0.007511
135.0 0.697511 0.000000 0.000000 0.000000 0.000000 0.000000 0.054975 0.213735 0.000000 0.000000 0.004747 0.003833 0.008587 0.008587 0.008025
136.0 0.692815 0.000000 0.000000 0.000000 0.000000 0.000000 0.056552 0.215973 0.000000 0.000000 0.005265 0.003953 0.008380 0.008380 0.008681
137.0 0.689795 0.000000 0.000000 0.000000 0.000000 0.000000 0.058718 0.215943 0.000000 0.000000 0.005727 0.003987 0.008155 0.008155 0.009522
138.0 0.687773 0.000000 0.000000 0.000000 0.000000 0.000000 0.061410 0.214338 0.000000 0.000000 0.006091 0.003955 0.007928 0.007928 0.010578
139.0 0.685800 0.000000 0.000000 0.000000 0.000000 0.000000 0.064497 0.212183 0.000000 0.000000 0.006338 0.003895 0.007714 0.007714 0.011859
140.0 0.682859 0.000000 0.000000 0.000000 0.000000 0.000000 0.067789 0.210620 0.000000 0.000000 0.006481 0.003854 0.007529 0.007529 0.013338
141.0 0.678100 0.000000 0.000000 0.000000 0.000000 0.000000 0.071063 0.210669 0.000000 0.000000 0.006575 0.003880 0.007384 0.007384 0.014947
142.0 0.671035 0.000000 0.000000 0.000000 0.000000 0.000000 0.074106 0.212994 0.000000 0.000000 0.006710 0.004010 0.007285 0.007285 0.016575
143.0 0.661669 0.000000 0.000000 0.000000 0.000000 0.000000 0.076757 0.217748 0.000000 0.000000 0.006999 0.004262 0.007237 0.007237 0.018091
144.0 0.650512 0.000000 0.000000 0.000000 0.000000 0.000000 0.078953 0.224522 0.000000 0.000000 0.007547 0.004628 0.007236 0.007236 0.019365
145.0 0.638483 0.000000 0.000000 0.000000 0.000000 0.000000 0.080746 0.232418 0.000000 0.000000 0.008413 0.005073 0.007278 0.007278 0.020311
146.0 0.626704 0.000000 0.000000 0.000000 0.000000 0.000000 0.082299 0.240238 0.000000 0.000000 0.009583 0.005548 0.007351 0.007351 0.020926
147.0 0.616256 0.000000 0.000000 0.000000 0.000000 0.000000 0.083848 0.246750 0.000000 0.000000 0.010959 0.005994 0.007441 0.007441 0.021312
148.0 0.607917 0.000000 0.000000 0.000000 0.000000 0.000000 0.085648 0.250973 0.000000 0.000000 0.012361 0.006361 0.007535 0.007535 0.021671
149.0 0.601984 0.000000 0.000000 0.000000 0.000000 0.000000 0.087901 0.252419 0.000000 0.000000 0.013571 0.006622 0.007618 0.007618 0.022269
150.0 0.598201 0.000000 0.000000 0.000000 0.000000 0.000000 0.090700 0.251215 0.000000 0.000000 0.014380 0.006781 0.007678 0.007678 0.023366
151.0 0.595829 0.000000 0.000000 0.000000 0.000000 0.000000 0.093986 0.248095 0.000000 0.000000 0.014661 0.006873 0.007710 0.007710 0.025136
152.0 0.593840 0.000000 0.000000 0.000000 0.000000 0.000000 0.097542 0.244236 0.000000 0.000000 0.014411 0.006956 0.007711 0.007711 0.027594
153.0 0.591179 0.000000 0.000000 0.000000 0.000000 0.000000 0.101034 0.240985 0.000000 0.000000 0.013779 0.007100 0.007682 0.007682 0.030558
154.0 0.587039 0.000000 0.000000 0.000000 0.000000 0.000000 0.104100 0.239540 0.000000 0.000000 0.013027 0.007362 0.007631 0.007631 0.033671
155.0 0.581058 0.000000 0.000000 0.000000 0.000000 0.000000 0.106443 0.240658 0.000000 0.000000 0.012467 0.007774 0.007565 0.007565 0.036471
156.0 0.573422 0.000000 0.000000 0.000000 0.000000 0.000000 0.107921 0.244468 0.000000 0.000000 0.012358 0.008325 0.007492 0.007492 0.038523
157.0 0.564806 0.000000 0.000000 0.000000 0.000000 0.000000 0.108581 0.250424 0.000000 0.000000 0.012823 0.008965 0.007418 0.007418 0.039565
158.0 0.556199 0.000000 0.000000 0.000000 0.000000 0.000000 0.108643 0.257446 0.000000 0.000000 0.013796 0.009608 0.007348 0.007348 0.039611
159.0 0.548634 0.000000 0.000000 0.000000 0.000000 0.000000 0.108440 0.264189 0.000000 0.000000 0.015024 0.010156 0.007282 0.007282 0.038992
160.0 0.542899 0.000000 0.000000 0.000000 0.000000 0.000000 0.108323 0.269407 0.000000 0.000000 0.016136 0.010521 0.007218 0.007218 0.038278
161.0 0.539325 0.000000 0.000000 0.000000 0.000000 0.000000 0.108556 0.272285 0.000000 0.000000 0.016757 0.010647 0.007155 0.007155 0.038120
162.0 0.537704 0.000000 0.000000 0.000000 0.000000 0.000000 0.109229 0.272672 0.000000 0.000000 0.016637 0.010530 0.007090 0.007090 0.039047
163.0 0.537354 0.000000 0.000000 0.000000 0.000000 0.000000 0.110227 0.271134 0.000000 0.000000 0.015747 0.010217 0.007026 0.007026 0.041269
164.0 0.537310 0.000000 0.000000 0.000000 0.000000 0.000000 0.111270 0.268814 0.000000 0.000000 0.014299 0.009800 0.006965 0.006965 0.044577
165.0 0.536596 0.000000 0.000000 0.000000 0.000000 0.000000 0.112019 0.267128 0.000000 0.000000 0.012681 0.009389 0.006914 0.006914 0.048359
166.0 0.534499 0.000000 0.000000 0.000000 0.000000 0.000000 0.112184 0.267362 0.000000 0.000000 0.011333 0.009090 0.006878 0.006878 0.051775
167.0 0.530778 0.000000 0.000000 0.000000 0.000000 0.000000 0.111615 0.270286 0.000000 0.000000 0.010597 0.008968 0.006862 0.006862 0.054031
168.0 0.525725 0.000000 0.000000 0.000000 0.000000 0.000000 0.110341 0.275902 0.000000 0.000000 0.010599 0.009040 0.006867 0.006867 0.054659
169.0 0.520075 0.000000 0.000000 0.000000 0.000000 0.000000 0.108569 0.283411 0.000000 0.000000 0.011195 0.009265 0.006887 0.006887 0.053709
170.0 0.514771 0.000000 0.000000 0.000000 0.000000 0.000000 0.106618 0.291427 0.000000 0.000000 0.012026 0.009562 0.006915 0.006915 0.051766
171.0 0.510685 0.000000 0.000000 0.000000 0.000000 0.000000 0.104810 0.298367 0.000000 0.000000 0.012639 0.009836 0.006940 0.006940 0.049783
172.0 0.508360 0.000000 0.000000 0.000000 0.000000 0.000000 0.103363 0.302931 0.000000 0.000000 0.012662 0.010011 0.006951 0.006951 0.048771
173.0 0.507845 0.000000 0.000000 0.000000 0.000000 0.000000 0.102322 0.304519 0.000000 0.000000 0.011933 0.010057 0.006945 0.006945 0.049435
174.0 0.508666 0.000000 0.000000 0.000000 0.000000 0.000000 0.101577 0.303456 0.000000 0.000000 0.010560 0.010001 0.006923 0.006923 0.051895
175.0 0.509970 0.000000 0.000000 0.000000 0.000000 0.000000 0.100917 0.300919 0.000000 0.000000 0.008874 0.009924 0.006895 0.006895 0.055605
176.0 0.510787 0.000000 0.000000 0.000000 0.000000 0.000000 0.100111 0.298579 0.000000 0.000000 0.007312 0.009934 0.006877 0.006877 0.059522
177.0 0.510337 0.000000 0.000000 0.000000 0.000000 0.000000 0.098986 0.298050 0.000000 0.000000 0.006255 0.010126 0.006885 0.006885 0.062474
178.0 0.508270 0.000000 0.000000 0.000000 0.000000 0.000000 0.097497 0.300332 0.000000 0.000000 0.005892 0.010551 0.006933 0.006933 0.063591
179.0 0.504765 0.000000 0.000000 0.000000 0.000000 0.000000 0.095749 0.305439 0.000000 0.000000 0.006158 0.011186 0.007025 0.007025 0.062653
180.0 0.500477 0.000000 0.000000 0.000000 0.000000 0.000000 0.093949 0.312342 0.000000 0.000000 0.006772 0.011942 0.007156 0.007156 0.060207
181.0 0.496321 0.000000 0.000000 0.000000 0.000000 0.000000 0.092315 0.319291 0.000000 0.000000 0.007352 0.012679 0.007315 0.007315 0.057410
182.0 0.493160 0.000000 0.000000 0.000000 0.000000 0.000000 0.091012 0.324427 0.000000 0.000000 0.007560 0.013260 0.007485 0.007485 0.055613
183.0 0.491480 0.000000 0.000000 0.000000 0.000000 0.000000 0.090109 0.326476 0.000000 0.000000 0.007217 0.013589 0.007649 0.007649 0.055832
184.0 0.491206 0.000000 0.000000 0.000000 0.000000 0.000000 0.089570 0.325273 0.000000 0.000000 0.006359 0.013654 0.007798 0.007798 0.058343
185.0 0.491715 0.000000 0.000000 0.000000 0.000000 0.000000 0.089267 0.321868 0.000000 0.000000 0.005216 0.013533 0.007930 0.007930 0.062541
186.0 0.492047 0.000000 0.000000 0.000000 0.000000 0.000000 0.089039 0.318183 0.000000 0.000000 0.004120 0.013364 0.008050 0.008050 0.067146
187.0 0.491234 0.000000 0.000000 0.000000 0.000000 0.000000 0.088775 0.316302 0.000000 0.000000 0.003385 0.013300 0.008163 0.008163 0.070677
188.0 0.488676 0.000000 0.000000 0.000000 0.000000 0.000000 0.088449 0.317634 0.000000 0.000000 0.003200 0.013445 0.008271 0.008271 0.072054
189.0 0.484401 0.000000 0.000000 0.000000 0.000000 0.000000 0.088112 0.322304 0.000000 0.000000 0.003568 0.013811 0.008367 0.008367 0.071070
190.0 0.479090 0.000000 0.000000 0.000000 0.000000 0.000000 0.087862 0.329028 0.000000 0.000000 0.004317 0.014307 0.008435 0.008435 0.068525
191.0 0.473816 0.000000 0.000000 0.000000 0.000000 0.000000 0.087818 0.335596 0.000000 0.000000 0.005147 0.014773 0.008457 0.008457 0.065935
192.0 0.469625 0.000000 0.000000 0.000000 0.000000 0.000000 0.088072 0.339763 0.000000 0.000000 0.005737 0.015045 0.008416 0.008416 0.064926
193.0 0.467112 0.000000 0.000000 0.000000 0.000000 0.000000 0.088641 0.340205 0.000000 0.000000 0.005857 0.015022 0.008304 0.008304 0.066555
194.0 0.466141 0.000000 0.000000 0.000000 0.000000 0.000000 0.089466 0.337136 0.000000 0.000000 0.005460 0.014718 0.008129 0.008129 0.070821
195.0 0.465856 0.000000 0.000000 0.000000 0.000000 0.000000 0.090466 0.332289 0.000000 0.000000 0.004708 0.014263 0.007911 0.007911 0.076596
196.0 0.465020 0.000000 0.000000 0.000000 0.000000 0.000000 0.091572 0.328206 0.000000 0.000000 0.003929 0.013850 0.007678 0.007678 0.082068
197.0 0.462571 0.000000 0.000000 0.000000 0.000000 0.000000 0.092739 0.327105 0.000000 0.000000 0.003502 0.013655 0.007454 0.007454 0.085521
198.0 0.458098 0.000000 0.000000 0.000000 0.000000 0.000000 0.093961 0.329857 0.000000 0.000000 0.003705 0.013751 0.007257 0.007257 0.086113
199.0 0.452048 0.000000 0.000000 0.000000 0.000000 0.000000 0.095287 0.335530 0.000000 0.000000 0.004573 0.014078 0.007089 0.007089 0.084307
200.0 0.445562 0.000000 0.000000 0.000000 0.000000 0.000000 0.096771 0.341743 0.000000 0.000000 0.005851 0.014457 0.006943 0.006943 0.081730
