# Time Pop_0 Pop_1 Pop_2 Pop_3 Pop_4 Pop_5 Pop_6 Pop_7 Pop_8 Pop_9 Pop_10 Pop_11 Pop_12 Pop_13 Pop_14
0.0 0.904844 0.005029 0.028036 0.007666 0.000274 0.000533 0.013667 0.004797 0.000893 0.000201 0.003460 0.029430 0.000038 0.000004 0.001127
1.0 0.904844 0.005029 0.028036 0.007666 0.000274 0.000533 0.013667 0.004798 0.000893 0.000201 0.003460 0.029430 0.000038 0.000004 0.001127
2.0 0.904840 0.005029 0.028036 0.007666 0.000274 0.000533 0.013667 0.004800 0.000893 0.000201 0.003460 0.029431 0.000038 0.000004 0.001127
3.0 0.904827 0.005029 0.028033 0.007666 0.000274 0.000533 0.013670 0.004810 0.000893 0.000201 0.003460 0.029433 0.000038 0.000004 0.001129
4.0 0.904796 0.005029 0.028028 0.007667 0.000275 0.000533 0.013676 0.004830 0.000893 0.000201 0.003460 0.029439 0.000038 0.000004 0.001132
5.0 0.904744 0.005028 0.028021 0.007669 0.000276 0.000533 0.013686 0.004860 0.000893 0.000200 0.003460 0.029453 0.000038 0.000004 0.001135
6.0 0.904670 0.005026 0.028014 0.007672 0.000277 0.000532 0.013700 0.004897 0.000892 0.000200 0.003460 0.029478 0.000038 0.000004 0.001139
7.0 0.904574 0.005023 0.028009 0.007677 0.000278 0.000532 0.013717 0.004936 0.000891 0.000200 0.003460 0.029517 0.000038 0.000004 0.001144
8.0 0.904457 0.005018 0.028007 0.007686 0.000280 0.000532 0.013734 0.004976 0.000890 0.000199 0.003460 0.029569 0.000038 0.000004 0.001149
9.0 0.904320 0.005011 0.028008 0.007698 0.000282 0.000532 0.013752 0.005019 0.000890 0.000199 0.003459 0.029633 0.000038 0.000004 0.001156
10.0 0.904161 0.005001 0.028012 0.007714 0.000284 0.000532 0.013770 0.005071 0.000889 0.000199 0.003459 0.029703 0.000038 0.000004 0.001162
11.0 0.903983 0.004989 0.028016 0.007736 0.000287 0.000532 0.013789 0.005134 0.000889 0.000198 0.003457 0.029777 0.000038 0.000004 0.001169
12.0 0.903790 0.004973 0.028021 0.007764 0.000290 0.000532 0.013810 0.005206 0.000888 0.000198 0.003456 0.029852 0.000038 0.000004 0.001178
13.0 0.903587 0.004954 0.028023 0.007800 0.000293 0.000532 0.013836 0.005282 0.000886 0.000198 0.003453 0.029927 0.000038 0.000004 0.001187
14.0 0.903381 0.004930 0.028022 0.007843 0.000297 0.000533 0.013864 0.005359 0.000885 0.000198 0.003449 0.030002 0.000038 0.000004 0.001196
15.0 0.903174 0.004901 0.028015 0.007895 0.000301 0.000534 0.013896 0.005437 0.000884 0.000198 0.003444 0.030077 0.000037 0.000004 0.001205
16.0 0.902964 0.004868 0.027999 0.007956 0.000305 0.000535 0.013929 0.005517 0.000884 0.000198 0.003437 0.030153 0.000037 0.000004 0.001215
17.0 0.902751 0.004829 0.027973 0.008025 0.000309 0.000537 0.013960 0.005607 0.000883 0.000198 0.003429 0.030232 0.000036 0.000004 0.001226
18.0 0.902531 0.004786 0.027937 0.008104 0.000315 0.000539 0.013991 0.005706 0.000882 0.000198 0.003420 0.030315 0.000036 0.000004 0.001237
19.0 0.902302 0.004737 0.027893 0.008192 0.000320 0.000541 0.014021 0.005813 0.000881 0.000198 0.003410 0.030405 0.000035 0.000004 0.001249
20.0 0.902063 0.004681 0.027843 0.008289 0.000326 0.000543 0.014053 0.005922 0.000880 0.000198 0.003398 0.030503 0.000034 0.000004 0.001261
21.0 0.901815 0.004619 0.027791 0.008394 0.000333 0.000546 0.014089 0.006031 0.000879 0.000199 0.003384 0.030609 0.000033 0.000004 0.001274
22.0 0.901558 0.004550 0.027737 0.008508 0.000340 0.000549 0.014128 0.006140 0.000879 0.000199 0.003369 0.030721 0.000032 0.000004 0.001286
23.0 0.901291 0.004473 0.027683 0.008629 0.000347 0.000553 0.014170 0.006254 0.000880 0.000200 0.003352 0.030836 0.000031 0.000004 0.001299
24.0 0.901018 0.004388 0.027626 0.008757 0.000355 0.000556 0.014214 0.006375 0.000880 0.000200 0.003333 0.030951 0.000029 0.000004 0.001312
25.0 0.900743 0.004297 0.027565 0.008890 0.000363 0.000559 0.014258 0.006506 0.000880 0.000201 0.003314 0.031066 0.000028 0.000004 0.001326
26.0 0.900474 0.004198 0.027498 0.009029 0.000372 0.000561 0.014302 0.006641 0.000880 0.000201 0.003293 0.031178 0.000027 0.000004 0.001341
27.0 0.900217 0.004093 0.027422 0.009171 0.000381 0.000564 0.014347 0.006777 0.000880 0.000202 0.003271 0.031291 0.000026 0.000004 0.001355
28.0 0.899976 0.003982 0.027335 0.009315 0.000390 0.000567 0.014393 0.006909 0.000881 0.000202 0.003248 0.031405 0.000025 0.000004 0.001369
29.0 0.899751 0.003866 0.027234 0.009461 0.000399 0.000570 0.014442 0.007040 0.000883 0.000203 0.003223 0.031519 0.000023 0.000004 0.001384
30.0 0.899542 0.003744 0.027117 0.009606 0.000408 0.000573 0.014494 0.007174 0.000885 0.000203 0.003197 0.031633 0.000022 0.000004 0.001399
31.0 0.899348 0.003619 0.026982 0.009750 0.000417 0.000575 0.014550 0.007314 0.000886 0.000204 0.003171 0.031746 0.000020 0.000004 0.001414
32.0 0.899168 0.003490 0.026832 0.009892 0.000427 0.000578 0.014607 0.007461 0.000888 0.000204 0.003144 0.031858 0.000019 0.000004 0.001428
33.0 0.899004 0.003358 0.026669 0.010031 0.000436 0.000580 0.014666 0.007609 0.000890 0.000204 0.003118 0.031971 0.000017 0.000004 0.001444
34.0 0.898858 0.003223 0.026497 0.010165 0.000446 0.000581 0.014726 0.007754 0.000893 0.000204 0.003091 0.032083 0.000015 0.000004 0.001460
35.0 0.898729 0.003085 0.026320 0.010294 0.000455 0.000582 0.014787 0.007894 0.000896 0.000204 0.003065 0.032195 0.000014 0.000004 0.001476
36.0 0.898613 0.002945 0.026139 0.010418 0.000464 0.000583 0.014850 0.008031 0.000900 0.000204 0.003040 0.032306 0.000013 0.000004 0.001491
37.0 0.898505 0.002803 0.025954 0.010536 0.000474 0.000583 0.014918 0.008171 0.000903 0.000203 0.003016 0.032412 0.000012 0.000004 0.001507
38.0 0.898401 0.002661 0.025764 0.010648 0.000483 0.000582 0.014990 0.008315 0.000906 0.000202 0.002994 0.032515 0.000011 0.000004 0.001524
39.0 0.898302 0.002519 0.025567 0.010753 0.000492 0.000581 0.015067 0.008463 0.000909 0.000201 0.002974 0.032616 0.000010 0.000004 0.001541
40.0 0.898213 0.002379 0.025360 0.010853 0.000501 0.000579 0.015149 0.008610 0.000913 0.000200 0.002955 0.032717 0.000009 0.000004 0.001558
41.0 0.898139 0.002240 0.025142 0.010946 0.000510 0.000577 0.015234 0.008750 0.000917 0.000199 0.002939 0.032819 0.000009 0.000004 0.001575
42.0 0.898084 0.002105 0.024910 0.011034 0.000519 0.000575 0.015320 0.008882 0.000922 0.000198 0.002924 0.032922 0.000009 0.000004 0.001593
43.0 0.898050 0.001973 0.024662 0.011118 0.000528 0.000572 0.015407 0.009009 0.000926 0.000196 0.002912 0.033022 0.000009 0.000004 0.001611
44.0 0.898034 0.001845 0.024398 0.011198 0.000536 0.000569 0.015496 0.009137 0.000930 0.000194 0.002903 0.033117 0.000009 0.000004 0.001628
45.0 0.898033 0.001722 0.024119 0.011275 0.000545 0.000566 0.015587 0.009267 0.000934 0.000193 0.002897 0.033204 0.000009 0.000004 0.001646
46.0 0.898043 0.001603 0.023827 0.011350 0.000553 0.000563 0.015682 0.009398 0.000938 0.000191 0.002893 0.033280 0.000010 0.000004 0.001664
47.0 0.898063 0.001490 0.023528 0.011424 0.000562 0.000559 0.015783 0.009523 0.000942 0.000189 0.002892 0.033349 0.000011 0.000004 0.001683
48.0 0.898090 0.001381 0.023224 0.011498 0.000569 0.000555 0.015890 0.009638 0.000946 0.000187 0.002894 0.033410 0.000012 0.000004 0.001702
49.0 0.898121 0.001277 0.022918 0.011573 0.000577 0.000550 0.016001 0.009745 0.000950 0.000185 0.002898 0.033467 0.000013 0.000004 0.001720
50.0 0.898150 0.001179 0.022610 0.011649 0.000585 0.000546 0.016115 0.009846 0.000954 0.000182 0.002904 0.033521 0.000014 0.000004 0.001739
51.0 0.898173 0.001085 0.022299 0.011728 0.000593 0.000542 0.016230 0.009948 0.000957 0.000180 0.002913 0.033573 0.000016 0.000004 0.001758
52.0 0.898188 0.000998 0.021983 0.011810 0.000601 0.000537 0.016345 0.010052 0.000960 0.000178 0.002924 0.033625 0.000018 0.000004 0.001778
53.0 0.898196 0.000916 0.021660 0.011895 0.000609 0.000533 0.016462 0.010154 0.000962 0.000176 0.002937 0.033678 0.000019 0.000004 0.001798
54.0 0.898203 0.000839 0.021329 0.011985 0.000618 0.000528 0.016583 0.010250 0.000965 0.000174 0.002951 0.033733 0.000021 0.000004 0.001817
55.0 0.898215 0.000767 0.020990 0.012078 0.000626 0.000523 0.016707 0.010335 0.000967 0.000172 0.002965 0.033788 0.000024 0.000004 0.001837
56.0 0.898237 0.000701 0.020641 0.012177 0.000635 0.000519 0.016835 0.010411 0.000969 0.000170 0.002980 0.033838 0.000026 0.000004 0.001857
57.0 0.898273 0.000639 0.020283 0.012280 0.000643 0.000514 0.016967 0.010482 0.000970 0.000168 0.002994 0.033879 0.000028 0.000004 0.001877
58.0 0.898322 0.000582 0.019917 0.012387 0.000651 0.000510 0.017098 0.010552 0.000970 0.000166 0.003007 0.033907 0.000031 0.000004 0.001896
59.0 0.898387 0.000530 0.019543 0.012497 0.000659 0.000505 0.017229 0.010624 0.000970 0.000164 0.003019 0.033921 0.000034 0.000004 0.001914
60.0 0.898467 0.000481 0.019164 0.012610 0.000667 0.000500 0.017358 0.010692 0.000970 0.000162 0.003029 0.033924 0.000036 0.000004 0.001934
61.0 0.898562 0.000437 0.018781 0.012727 0.000674 0.000495 0.017486 0.010754 0.000969 0.000160 0.003036 0.033923 0.000039 0.000004 0.001953
62.0 0.898667 0.000395 0.018397 0.012844 0.000681 0.000490 0.017614 0.010805 0.000968 0.000158 0.003041 0.033921 0.000042 0.000004 0.001971
63.0 0.898778 0.000357 0.018011 0.012963 0.000688 0.000485 0.017743 0.010850 0.000966 0.000156 0.003042 0.033923 0.000045 0.000005 0.001989
64.0 0.898890 0.000322 0.017625 0.013081 0.000696 0.000480 0.017873 0.010892 0.000964 0.000154 0.003038 0.033929 0.000048 0.000005 0.002006
65.0 0.898999 0.000290 0.017237 0.013198 0.000703 0.000474 0.018003 0.010936 0.000961 0.000152 0.003031 0.033938 0.000050 0.000005 0.002023
66.0 0.899110 0.000261 0.016847 0.013312 0.000710 0.000468 0.018132 0.010984 0.000957 0.000150 0.003018 0.033951 0.000053 0.000005 0.002041
67.0 0.899232 0.000235 0.016456 0.013424 0.000717 0.000462 0.018258 0.011031 0.000953 0.000148 0.003000 0.033965 0.000057 0.000005 0.002057
68.0 0.899374 0.000211 0.016064 0.013533 0.000724 0.000456 0.018380 0.011072 0.000949 0.000146 0.002977 0.033978 0.000060 0.000005 0.002072
69.0 0.899545 0.000190 0.015669 0.013638 0.000731 0.000450 0.018497 0.011105 0.000944 0.000143 0.002947 0.033987 0.000063 0.000005 0.002086
70.0 0.899748 0.000171 0.015272 0.013739 0.000737 0.000444 0.018609 0.011131 0.000938 0.000141 0.002911 0.033989 0.000066 0.000005 0.002100
71.0 0.899980 0.000155 0.014870 0.013835 0.000742 0.000437 0.018717 0.011156 0.000932 0.000138 0.002869 0.033981 0.000069 0.000005 0.002113
72.0 0.900237 0.000141 0.014465 0.013927 0.000746 0.000430 0.018822 0.011183 0.000926 0.000136 0.002821 0.033963 0.000072 0.000005 0.002125
73.0 0.900513 0.000131 0.014056 0.014015 0.000751 0.000422 0.018924 0.011214 0.000919 0.000134 0.002767 0.033939 0.000076 0.000005 0.002136
74.0 0.900804 0.000122 0.013645 0.014098 0.000754 0.000414 0.019023 0.011245 0.000911 0.000131 0.002707 0.033914 0.000079 0.000005 0.002147
75.0 0.901107 0.000117 0.013233 0.014177 0.000758 0.000407 0.019118 0.011273 0.000903 0.000129 0.002641 0.033893 0.000082 0.000005 0.002157
76.0 0.901420 0.000114 0.012822 0.014253 0.000761 0.000399 0.019207 0.011294 0.000895 0.000126 0.002571 0.033881 0.000086 0.000005 0.002166
77.0 0.901738 0.000113 0.012414 0.014327 0.000764 0.000391 0.019290 0.011312 0.000886 0.000124 0.002496 0.033877 0.000089 0.000005 0.002173
78.0 0.902057 0.000116 0.012011 0.014398 0.000768 0.000384 0.019365 0.011330 0.000876 0.000121 0.002417 0.033879 0.000092 0.000005 0.002180
79.0 0.902373 0.000121 0.011612 0.014469 0.000771 0.000376 0.019435 0.011353 0.000867 0.000119 0.002334 0.033882 0.000096 0.000005 0.002188
80.0 0.902686 0.000128 0.011217 0.014540 0.000775 0.000368 0.019501 0.011380 0.000857 0.000117 0.002249 0.033884 0.000099 0.000005 0.002195
81.0 0.902999 0.000138 0.010826 0.014612 0.000778 0.000360 0.019564 0.011409 0.000847 0.000115 0.002162 0.033883 0.000101 0.000005 0.002200
82.0 0.903316 0.000150 0.010439 0.014688 0.000781 0.000352 0.019625 0.011434 0.000836 0.000112 0.002072 0.033879 0.000104 0.000005 0.002205
83.0 0.903638 0.000164 0.010054 0.014767 0.000783 0.000344 0.019684 0.011454 0.000825 0.000110 0.001982 0.033870 0.000107 0.000005 0.002209
84.0 0.903967 0.000181 0.009671 0.014852 0.000785 0.000337 0.019740 0.011469 0.000813 0.000108 0.001892 0.033857 0.000109 0.000005 0.002214
85.0 0.904299 0.000199 0.009288 0.014942 0.000787 0.000329 0.019789 0.011484 0.000801 0.000106 0.001802 0.033839 0.000112 0.000005 0.002217
86.0 0.904628 0.000219 0.008905 0.015039 0.000789 0.000321 0.019831 0.011503 0.000790 0.000104 0.001713 0.033818 0.000114 0.000005 0.002220
87.0 0.904947 0.000240 0.008524 0.015143 0.000792 0.000314 0.019867 0.011525 0.000778 0.000103 0.001626 0.033797 0.000116 0.000005 0.002224
88.0 0.905250 0.000263 0.008146 0.015253 0.000794 0.000307 0.019900 0.011548 0.000766 0.000101 0.001541 0.033779 0.000118 0.000005 0.002227
89.0 0.905534 0.000288 0.007773 0.015371 0.000797 0.000300 0.019932 0.011570 0.000754 0.000100 0.001459 0.033766 0.000120 0.000005 0.002231
90.0 0.905798 0.000313 0.007407 0.015497 0.000800 0.000292 0.019965 0.011588 0.000741 0.000098 0.001379 0.033760 0.000122 0.000006 0.002234
91.0 0.906040 0.000339 0.007049 0.015629 0.000802 0.000285 0.019999 0.011603 0.000728 0.000097 0.001304 0.033757 0.000124 0.000006 0.002237
92.0 0.906262 0.000367 0.006700 0.015768 0.000805 0.000278 0.020033 0.011618 0.000715 0.000096 0.001231 0.033755 0.000125 0.000006 0.002241
93.0 0.906465 0.000395 0.006361 0.015913 0.000808 0.000272 0.020064 0.011636 0.000701 0.000095 0.001163 0.033750 0.000126 0.000006 0.002245
94.0 0.906654 0.000423 0.006031 0.016062 0.000811 0.000265 0.020092 0.011657 0.000688 0.000094 0.001099 0.033742 0.000126 0.000006 0.002250
95.0 0.906831 0.000452 0.005709 0.016215 0.000814 0.000258 0.020117 0.011680 0.000675 0.000093 0.001038 0.033731 0.000126 0.000005 0.002255
96.0 0.906999 0.000481 0.005394 0.016371 0.000816 0.000251 0.020140 0.011702 0.000662 0.000092 0.000982 0.033718 0.000126 0.000006 0.002260
97.0 0.907160 0.000510 0.005084 0.016527 0.000819 0.000244 0.020163 0.011720 0.000649 0.000091 0.000929 0.033705 0.000126 0.000006 0.002266
98.0 0.907314 0.000539 0.004780 0.016684 0.000821 0.000237 0.020188 0.011735 0.000636 0.000090 0.000880 0.033692 0.000126 0.000006 0.002272
99.0 0.907462 0.000568 0.004481 0.016838 0.000822 0.000230 0.020213 0.011749 0.000622 0.000089 0.000835 0.033679 0.000127 0.000006 0.002278
100.0 0.907603 0.000596 0.004187 0.016990 0.000824 0.000224 0.020238 0.011766 0.000608 0.000089 0.000792 0.033667 0.000127 0.000006 0.002284
101.0 0.907736 0.000624 0.003899 0.017136 0.000825 0.000217 0.020261 0.011786 0.000595 0.000088 0.000753 0.033655 0.000127 0.000006 0.002291
102.0 0.907862 0.000652 0.003619 0.017276 0.000826 0.000210 0.020282 0.011810 0.000581 0.000087 0.000717 0.033646 0.000127 0.000006 0.002299
103.0 0.907983 0.000680 0.003348 0.017409 0.000827 0.000203 0.020299 0.011835 0.000568 0.000086 0.000683 0.033638 0.000127 0.000006 0.002307
104.0 0.908102 0.000708 0.003088 0.017534 0.000827 0.000196 0.020315 0.011859 0.000555 0.000085 0.000651 0.033633 0.000126 0.000006 0.002315
105.0 0.908218 0.000736 0.002838 0.017650 0.000827 0.000189 0.020329 0.011881 0.000542 0.000084 0.000621 0.033630 0.000125 0.000006 0.002323
106.0 0.908331 0.000765 0.002600 0.017756 0.000826 0.000182 0.020345 0.011902 0.000529 0.000083 0.000592 0.033626 0.000124 0.000006 0.002332
107.0 0.908439 0.000794 0.002374 0.017853 0.000825 0.000175 0.020361 0.011924 0.000515 0.000082 0.000564 0.033623 0.000123 0.000006 0.002342
108.0 0.908542 0.000823 0.002158 0.017940 0.000824 0.000168 0.020376 0.011951 0.000502 0.000081 0.000538 0.033619 0.000122 0.000006 0.002350
109.0 0.908640 0.000853 0.001952 0.018018 0.000822 0.000162 0.020389 0.011983 0.000488 0.000080 0.000512 0.033617 0.000121 0.000005 0.002359
110.0 0.908732 0.000883 0.001755 0.018088 0.000820 0.000155 0.020398 0.012018 0.000476 0.000079 0.000486 0.033618 0.000120 0.000005 0.002369
111.0 0.908820 0.000913 0.001567 0.018150 0.000817 0.000148 0.020403 0.012054 0.000463 0.000078 0.000461 0.033622 0.000119 0.000005 0.002379
112.0 0.908908 0.000944 0.001388 0.018206 0.000814 0.000141 0.020403 0.012090 0.000450 0.000076 0.000436 0.033630 0.000118 0.000006 0.002388
113.0 0.908995 0.000976 0.001218 0.018258 0.000811 0.000135 0.020398 0.012126 0.000438 0.000075 0.000411 0.033641 0.000117 0.000006 0.002397
114.0 0.909079 0.001008 0.001057 0.018306 0.000808 0.000129 0.020390 0.012162 0.000425 0.000074 0.000385 0.033652 0.000116 0.000006 0.002405
115.0 0.909155 0.001042 0.000907 0.018351 0.000804 0.000123 0.020379 0.012200 0.000412 0.000072 0.000359 0.033661 0.000115 0.000005 0.002414
116.0 0.909218 0.001077 0.000767 0.018397 0.000801 0.000116 0.020366 0.012242 0.000400 0.000071 0.000333 0.033669 0.000114 0.000005 0.002423
117.0 0.909268 0.001113 0.000640 0.018445 0.000797 0.000111 0.020351 0.012289 0.000388 0.000070 0.000307 0.033675 0.000112 0.000005 0.002430
118.0 0.909301 0.001150 0.000524 0.018496 0.000793 0.000105 0.020331 0.012340 0.000376 0.000069 0.000281 0.033680 0.000111 0.000005 0.002437
119.0 0.909316 0.001189 0.000421 0.018553 0.000788 0.000099 0.020308 0.012393 0.000364 0.000068 0.000255 0.033686 0.000109 0.000005 0.002445
120.0 0.909313 0.001229 0.000331 0.018616 0.000784 0.000093 0.020279 0.012447 0.000352 0.000067 0.000230 0.033694 0.000108 0.000005 0.002452
121.0 0.909291 0.001271 0.000253 0.018686 0.000780 0.000088 0.020246 0.012500 0.000340 0.000067 0.000205 0.033704 0.000106 0.000005 0.002459
122.0 0.909247 0.001313 0.000188 0.018765 0.000776 0.000083 0.020208 0.012553 0.000329 0.000066 0.000180 0.033717 0.000104 0.000005 0.002465
123.0 0.909177 0.001357 0.000135 0.018853 0.000773 0.000078 0.020167 0.012609 0.000317 0.000066 0.000156 0.033734 0.000102 0.000005 0.002470
124.0 0.909076 0.001401 0.000094 0.018952 0.000771 0.000073 0.020124 0.012668 0.000306 0.000065 0.000134 0.033755 0.000100 0.000005 0.002476
125.0 0.908944 0.001446 0.000066 0.019061 0.000768 0.000068 0.020078 0.012732 0.000296 0.000065 0.000113 0.033779 0.000098 0.000004 0.002481
126.0 0.908784 0.001492 0.000050 0.019180 0.000766 0.000064 0.020029 0.012801 0.000285 0.000065 0.000094 0.033805 0.000096 0.000005 0.002485
127.0 0.908601 0.001537 0.000047 0.019310 0.000763 0.000059 0.019976 0.012872 0.000275 0.000065 0.000077 0.033830 0.000094 0.000005 0.002490
128.0 0.908398 0.001583 0.000058 0.019449 0.000761 0.000055 0.019920 0.012944 0.000264 0.000065 0.000061 0.033854 0.000092 0.000005 0.002494
129.0 0.908178 0.001628 0.000082 0.019596 0.000758 0.000051 0.019860 0.013015 0.000254 0.000065 0.000048 0.033873 0.000090 0.000005 0.002498
130.0 0.907945 0.001673 0.000120 0.019749 0.000755 0.000047 0.019798 0.013086 0.000244 0.000065 0.000038 0.033887 0.000088 0.000004 0.002502
131.0 0.907698 0.001717 0.000171 0.019908 0.000753 0.000043 0.019732 0.013156 0.000235 0.000066 0.000030 0.033898 0.000086 0.000004 0.002504
132.0 0.907436 0.001760 0.000236 0.020071 0.000750 0.000039 0.019664 0.013228 0.000225 0.000066 0.000025 0.033906 0.000083 0.000004 0.002507
133.0 0.907156 0.001803 0.000315 0.020235 0.000747 0.000035 0.019594 0.013302 0.000216 0.000066 0.000022 0.033913 0.000081 0.000004 0.002510
134.0 0.906856 0.001845 0.000407 0.020398 0.000744 0.000032 0.019524 0.013380 0.000208 0.000066 0.000023 0.033920 0.000078 0.000004 0.002514
135.0 0.906539 0.001886 0.000513 0.020559 0.000741 0.000029 0.019453 0.013462 0.000199 0.000067 0.000026 0.033929 0.000076 0.000004 0.002518
136.0 0.906203 0.001926 0.000632 0.020715 0.000738 0.000025 0.019383 0.013547 0.000190 0.000067 0.000032 0.033942 0.000073 0.000004 0.002521
137.0 0.905852 0.001965 0.000766 0.020866 0.000735 0.000022 0.019314 0.013632 0.000182 0.000068 0.000040 0.033959 0.000071 0.000004 0.002525
138.0 0.905486 0.002002 0.000914 0.021008 0.000731 0.000020 0.019247 0.013717 0.000174 0.000068 0.000050 0.033982 0.000068 0.000004 0.002530
139.0 0.905111 0.002037 0.001076 0.021141 0.000728 0.000017 0.019178 0.013801 0.000166 0.000068 0.000063 0.034009 0.000065 0.000004 0.002534
140.0 0.904731 0.002070 0.001253 0.021264 0.000724 0.000015 0.019108 0.013886 0.000159 0.000068 0.000077 0.034040 0.000063 0.000003 0.002538
141.0 0.904345 0.002102 0.001445 0.021376 0.000720 0.000012 0.019036 0.013973 0.000151 0.000068 0.000094 0.034070 0.000060 0.000003 0.002543
142.0 0.903957 0.002132 0.001653 0.021476 0.000716 0.000010 0.018964 0.014062 0.000144 0.000068 0.000111 0.034096 0.000058 0.000003 0.002550
143.0 0.903567 0.002160 0.001876 0.021563 0.000711 0.000008 0.018892 0.014154 0.000137 0.000068 0.000130 0.034116 0.000056 0.000003 0.002557
144.0 0.903179 0.002186 0.002115 0.021638 0.000706 0.000007 0.018822 0.014249 0.000131 0.000068 0.000150 0.034129 0.000053 0.000003 0.002564
145.0 0.902790 0.002211 0.002370 0.021702 0.000700 0.000005 0.018755 0.014344 0.000124 0.000068 0.000170 0.034135 0.000051 0.000003 0.002571
146.0 0.902400 0.002235 0.002641 0.021755 0.000693 0.000004 0.018691 0.014438 0.000118 0.000068 0.000190 0.034138 0.000049 0.000003 0.002578
147.0 0.902006 0.002257 0.002926 0.021798 0.000686 0.000003 0.018630 0.014530 0.000112 0.000068 0.000211 0.034138 0.000047 0.000003 0.002586
148.0 0.901607 0.002277 0.003227 0.021833 0.000678 0.000002 0.018568 0.014621 0.000105 0.000067 0.000232 0.034140 0.000044 0.000003 0.002595
149.0 0.901201 0.002296 0.003542 0.021861 0.000670 0.000001 0.018505 0.014713 0.000100 0.000067 0.000252 0.034143 0.000042 0.000003 0.002604
150.0 0.900783 0.002314 0.003871 0.021883 0.000663 0.000001 0.018440 0.014807 0.000094 0.000066 0.000272 0.034149 0.000040 0.000003 0.002614
151.0 0.900349 0.002331 0.004215 0.021900 0.000655 0.000000 0.018376 0.014904 0.000089 0.000066 0.000292 0.034157 0.000038 0.000003 0.002625
152.0 0.899896 0.002347 0.004573 0.021915 0.000649 0.000000 0.018314 0.015004 0.000084 0.000065 0.000311 0.034167 0.000036 0.000003 0.002637
153.0 0.899422 0.002363 0.004946 0.021930 0.000642 0.000001 0.018253 0.015107 0.000079 0.000065 0.000329 0.034179 0.000034 0.000002 0.002648
154.0 0.898926 0.002378 0.005333 0.021947 0.000636 0.000001 0.018194 0.015210 0.000074 0.000065 0.000347 0.034194 0.000032 0.000002 0.002659
155.0 0.898407 0.002393 0.005736 0.021968 0.000630 0.000001 0.018138 0.015313 0.000070 0.000065 0.000364 0.034211 0.000031 0.000002 0.002671
156.0 0.897866 0.002408 0.006155 0.021995 0.000623 0.000002 0.018082 0.015415 0.000065 0.000064 0.000381 0.034228 0.000029 0.000002 0.002684
157.0 0.897308 0.002423 0.006590 0.022029 0.000617 0.000003 0.018024 0.015516 0.000061 0.000064 0.000398 0.034243 0.000027 0.000002 0.002696
158.0 0.896732 0.002438 0.007042 0.022071 0.000610 0.000004 0.017963 0.015618 0.000056 0.000064 0.000414 0.034252 0.000025 0.000002 0.002709
159.0 0.896138 0.002453 0.007509 0.022121 0.000603 0.000006 0.017900 0.015722 0.000052 0.000064 0.000431 0.034253 0.000024 0.000002 0.002721
160.0 0.895524 0.002470 0.007994 0.022181 0.000597 0.000007 0.017834 0.015828 0.000049 0.000064 0.000448 0.034246 0.000022 0.000002 0.002734
161.0 0.894890 0.002488 0.008494 0.022249 0.000591 0.000009 0.017767 0.015936 0.000045 0.000064 0.000466 0.034231 0.000021 0.000002 0.002747
162.0 0.894234 0.002507 0.009011 0.022328 0.000586 0.000011 0.017698 0.016044 0.000042 0.000064 0.000484 0.034212 0.000019 0.000002 0.002758
163.0 0.893554 0.002528 0.009544 0.022415 0.000580 0.000014 0.017626 0.016153 0.000039 0.000065 0.000503 0.034191 0.000018 0.000002 0.002769
164.0 0.892845 0.002551 0.010093 0.022512 0.000574 0.000016 0.017553 0.016263 0.000036 0.000065 0.000524 0.034170 0.000016 0.000002 0.002780
165.0 0.892108 0.002577 0.010657 0.022616 0.000569 0.000019 0.017478 0.016372 0.000033 0.000066 0.000547 0.034152 0.000015 0.000002 0.002791
166.0 0.891343 0.002605 0.011235 0.022727 0.000563 0.000022 0.017400 0.016484 0.000031 0.000066 0.000571 0.034137 0.000013 0.000002 0.002801
167.0 0.890550 0.002636 0.011827 0.022844 0.000558 0.000026 0.017319 0.016599 0.000028 0.000067 0.000597 0.034125 0.000012 0.000001 0.002811
168.0 0.889730 0.002670 0.012434 0.022963 0.000554 0.000029 0.017235 0.016718 0.000026 0.000068 0.000625 0.034116 0.000011 0.000001 0.002820
169.0 0.888884 0.002706 0.013054 0.023085 0.000549 0.000033 0.017150 0.016841 0.000023 0.000069 0.000656 0.034108 0.000010 0.000001 0.002829
170.0 0.888016 0.002745 0.013689 0.023207 0.000546 0.000037 0.017063 0.016967 0.000022 0.000070 0.000690 0.034103 0.000008 0.000001 0.002837
171.0 0.887130 0.002785 0.014337 0.023329 0.000542 0.000042 0.016972 0.017097 0.000020 0.000071 0.000726 0.034098 0.000007 0.000001 0.002844
172.0 0.886230 0.002828 0.015001 0.023447 0.000538 0.000047 0.016876 0.017228 0.000018 0.000072 0.000765 0.034094 0.000006 0.000001 0.002850
173.0 0.885316 0.002872 0.015680 0.023562 0.000534 0.000052 0.016778 0.017360 0.000017 0.000072 0.000808 0.034087 0.000005 0.000001 0.002856
174.0 0.884391 0.002917 0.016375 0.023673 0.000530 0.000057 0.016678 0.017493 0.000015 0.000073 0.000853 0.034076 0.000004 0.000001 0.002862
175.0 0.883458 0.002964 0.017087 0.023778 0.000525 0.000063 0.016575 0.017628 0.000014 0.000074 0.000902 0.034061 0.000004 0.000001 0.002868
176.0 0.882516 0.003010 0.017816 0.023876 0.000520 0.000069 0.016471 0.017764 0.000013 0.000075 0.000954 0.034039 0.000003 0.000001 0.002872
177.0 0.881566 0.003056 0.018562 0.023968 0.000515 0.000075 0.016369 0.017902 0.000011 0.000076 0.001009 0.034013 0.000003 0.000001 0.002876
178.0 0.880605 0.003102 0.019324 0.024052 0.000510 0.000081 0.016267 0.018042 0.000010 0.000076 0.001066 0.033983 0.000002 0.000001 0.002879
179.0 0.879634 0.003146 0.020103 0.024128 0.000504 0.000088 0.016165 0.018185 0.000009 0.000077 0.001126 0.033951 0.000002 0.000001 0.002882
180.0 0.878655 0.003188 0.020896 0.024197 0.000498 0.000094 0.016061 0.018331 0.000009 0.000078 0.001188 0.033918 0.000002 0.000001 0.002884
181.0 0.877666 0.003227 0.021704 0.024258 0.000492 0.000101 0.015956 0.018480 0.000008 0.000078 0.001252 0.033887 0.000002 0.000001 0.002887
182.0 0.876668 0.003263 0.022526 0.024312 0.000487 0.000109 0.015851 0.018631 0.000007 0.000079 0.001317 0.033856 0.000003 0.000001 0.002891
183.0 0.875660 0.003296 0.023360 0.024361 0.000482 0.000116 0.015747 0.018784 0.000006 0.000079 0.001382 0.033828 0.000003 0.000001 0.002895
184.0 0.874642 0.003325 0.024206 0.024404 0.000477 0.000124 0.015645 0.018936 0.000005 0.000080 0.001448 0.033803 0.000004 0.000001 0.002900
185.0 0.873615 0.003351 0.025062 0.024444 0.000472 0.000132 0.015547 0.019090 0.000005 0.000081 0.001514 0.033780 0.000004 0.000001 0.002904
186.0 0.872577 0.003373 0.025928 0.024481 0.000467 0.000139 0.015453 0.019243 0.000004 0.000081 0.001579 0.033760 0.000005 0.000001 0.002908
187.0 0.871528 0.003392 0.026805 0.024516 0.000462 0.000148 0.015365 0.019396 0.000003 0.000082 0.001642 0.033742 0.000006 0.000001 0.002913
188.0 0.870470 0.003407 0.027691 0.024551 0.000457 0.000156 0.015280 0.019550 0.000003 0.000082 0.001703 0.033723 0.000008 0.000000 0.002918
189.0 0.869407 0.003419 0.028586 0.024587 0.000452 0.000164 0.015197 0.019707 0.000002 0.000083 0.001762 0.033702 0.000009 0.000000 0.002923
190.0 0.868337 0.003426 0.029492 0.024623 0.000447 0.000173 0.015114 0.019866 0.000002 0.000083 0.001817 0.033677 0.000010 0.000000 0.002930
191.0 0.867263 0.003431 0.030409 0.024662 0.000443 0.000183 0.015033 0.020026 0.000001 0.000084 0.001869 0.033645 0.000012 0.000000 0.002939
192.0 0.866184 0.003433 0.031338 0.024704 0.000438 0.000192 0.014954 0.020185 0.000001 0.000085 0.001918 0.033607 0.000013 0.000000 0.002948
193.0 0.865100 0.003433 0.032280 0.024748 0.000434 0.000202 0.014876 0.020342 0.000001 0.000085 0.001963 0.033562 0.000015 0.000000 0.002958
194.0 0.864009 0.003431 0.033236 0.024796 0.000430 0.000212 0.014801 0.020496 0.000001 0.000086 0.002004 0.033513 0.000017 0.000000 0.002967
195.0 0.862909 0.003428 0.034207 0.024848 0.000426 0.000223 0.014728 0.020647 0.000000 0.000087 0.002041 0.033460 0.000019 0.000000 0.002977
196.0 0.861795 0.003425 0.035192 0.024904 0.000421 0.000234 0.014659 0.020794 0.000000 0.000088 0.002074 0.033406 0.000021 0.000000 0.002986
197.0 0.860668 0.003423 0.036190 0.024964 0.000417 0.000245 0.014590 0.020942 0.000000 0.000089 0.002103 0.033349 0.000023 0.000000 0.002997
198.0 0.859528 0.003422 0.037200 0.025027 0.000412 0.000257 0.014520 0.021091 0.000000 0.000090 0.002129 0.033291 0.000025 0.000000 0.003007
199.0 0.858372 0.003423 0.038222 0.025092 0.000408 0.000268 0.014449 0.021244 0.000000 0.000091 0.002152 0.033231 0.000028 0.000000 0.003019
200.0 0.857201 0.003427 0.039253 0.025160 0.000404 0.000281 0.014377 0.021400 0.000000 0.000092 0.002172 0.033171 0.000030 0.000000 0.003032
