# Time Pop_0 Pop_1 Pop_2 Pop_3 Pop_4 Pop_5 Pop_6 Pop_7 Pop_8 Pop_9 Pop_10 Pop_11 Pop_12 Pop_13 Pop_14
0.0 0.934066 0.000000 0.000000 0.000000 0.000000 0.000000 0.000570 0.020775 0.000000 0.000000 0.017499 0.025105 0.000903 0.000903 0.000179
1.0 0.934066 0.000000 0.000000 0.000000 0.000000 0.000000 0.000570 0.020775 0.000000 0.000000 0.017499 0.025105 0.000903 0.000903 0.000179
2.0 0.934064 0.000000 0.000000 0.000000 0.000000 0.000000 0.000570 0.020774 0.000000 0.000000 0.017498 0.025108 0.000904 0.000904 0.000179
3.0 0.934056 0.000000 0.000000 0.000000 0.000000 0.000000 0.000570 0.020773 0.000000 0.000000 0.017494 0.025120 0.000904 0.000904 0.000179
4.0 0.934037 0.000000 0.000000 0.000000 0.000000 0.000000 0.000572 0.020770 0.000000 0.000000 0.017484 0.025150 0.000904 0.000904 0.000179
5.0 0.934003 0.000000 0.000000 0.000000 0.000000 0.000000 0.000575 0.020767 0.000000 0.000000 0.017463 0.025205 0.000905 0.000905 0.000178
6.0 0.933950 0.000000 0.000000 0.000000 0.000000 0.000000 0.000581 0.020763 0.000000 0.000000 0.017426 0.025292 0.000906 0.000906 0.000176
7.0 0.933878 0.000000 0.000000 0.000000 0.000000 0.000000 0.000591 0.020761 0.000000 0.000000 0.017368 0.025415 0.000906 0.000906 0.000174
8.0 0.933791 0.000000 0.000000 0.000000 0.000000 0.000000 0.000606 0.020766 0.000000 0.000000 0.017280 0.025572 0.000907 0.000907 0.000172
9.0 0.933695 0.000000 0.000000 0.000000 0.000000 0.000000 0.000628 0.020779 0.000000 0.000000 0.017158 0.025758 0.000906 0.000906 0.000168
10.0 0.933597 0.000000 0.000000 0.000000 0.000000 0.000000 0.000660 0.020805 0.000000 0.000000 0.016995 0.025968 0.000905 0.000905 0.000164
11.0 0.933507 0.000000 0.000000 0.000000 0.000000 0.000000 0.000704 0.020846 0.000000 0.000000 0.016785 0.026193 0.000904 0.000904 0.000158
12.0 0.933430 0.000000 0.000000 0.000000 0.000000 0.000000 0.000763 0.020901 0.000000 0.000000 0.016525 0.026427 0.000902 0.000902 0.000151
13.0 0.933370 0.000000 0.000000 0.000000 0.000000 0.000000 0.000841 0.020969 0.000000 0.000000 0.016212 0.026666 0.000900 0.000900 0.000142
14.0 0.933327 0.000000 0.000000 0.000000 0.000000 0.000000 0.000941 0.021047 0.000000 0.000000 0.015844 0.026910 0.000900 0.000900 0.000131
15.0 0.933296 0.000000 0.000000 0.000000 0.000000 0.000000 0.001069 0.021132 0.000000 0.000000 0.015422 0.027160 0.000901 0.000901 0.000119
16.0 0.933267 0.000000 0.000000 0.000000 0.000000 0.000000 0.001229 0.021220 0.000000 0.000000 0.014947 0.027420 0.000906 0.000906 0.000106
17.0 0.933229 0.000000 0.000000 0.000000 0.000000 0.000000 0.001426 0.021309 0.000000 0.000000 0.014423 0.027694 0.000913 0.000913 0.000092
18.0 0.933170 0.000000 0.000000 0.000000 0.000000 0.000000 0.001668 0.021397 0.000000 0.000000 0.013855 0.027984 0.000924 0.000924 0.000078
19.0 0.933075 0.000000 0.000000 0.000000 0.000000 0.000000 0.001958 0.021484 0.000000 0.000000 0.013251 0.028289 0.000938 0.000938 0.000065
20.0 0.932932 0.000000 0.000000 0.000000 0.000000 0.000000 0.002303 0.021574 0.000000 0.000000 0.012619 0.028610 0.000955 0.000955 0.000052
21.0 0.932726 0.000000 0.000000 0.000000 0.000000 0.000000 0.002708 0.021669 0.000000 0.000000 0.011969 0.028942 0.000973 0.000973 0.000040
22.0 0.932445 0.000000 0.000000 0.000000 0.000000 0.000000 0.003178 0.021772 0.000000 0.000000 0.011312 0.029280 0.000992 0.000992 0.000029
23.0 0.932073 0.000000 0.000000 0.000000 0.000000 0.000000 0.003715 0.021887 0.000000 0.000000 0.010659 0.029623 0.001011 0.001011 0.000021
24.0 0.931595 0.000000 0.000000 0.000000 0.000000 0.000000 0.004324 0.022016 0.000000 0.000000 0.010021 0.029967 0.001031 0.001031 0.000015
25.0 0.930997 0.000000 0.000000 0.000000 0.000000 0.000000 0.005007 0.022158 0.000000 0.000000 0.009411 0.030313 0.001051 0.001051 0.000013
26.0 0.930264 0.000000 0.000000 0.000000 0.000000 0.000000 0.005765 0.022313 0.000000 0.000000 0.008838 0.030663 0.001072 0.001072 0.000015
27.0 0.929386 0.000000 0.000000 0.000000 0.000000 0.000000 0.006599 0.022474 0.000000 0.000000 0.008311 0.031019 0.001094 0.001094 0.000022
28.0 0.928362 0.000000 0.000000 0.000000 0.000000 0.000000 0.007509 0.022636 0.000000 0.000000 0.007839 0.031384 0.001118 0.001118 0.000035
29.0 0.927194 0.000000 0.000000 0.000000 0.000000 0.000000 0.008491 0.022789 0.000000 0.000000 0.007427 0.031757 0.001145 0.001145 0.000052
30.0 0.925896 0.000000 0.000000 0.000000 0.000000 0.000000 0.009541 0.022925 0.000000 0.000000 0.007078 0.032136 0.001175 0.001175 0.000075
31.0 0.924489 0.000000 0.000000 0.000000 0.000000 0.000000 0.010651 0.023035 0.000000 0.000000 0.006797 0.032515 0.001206 0.001206 0.000102
32.0 0.922998 0.000000 0.000000 0.000000 0.000000 0.000000 0.011811 0.023111 0.000000 0.000000 0.006582 0.032886 0.001239 0.001239 0.000134
33.0 0.921455 0.000000 0.000000 0.000000 0.000000 0.000000 0.013008 0.023147 0.000000 0.000000 0.006432 0.033243 0.001273 0.001273 0.000169
34.0 0.919887 0.000000 0.000000 0.000000 0.000000 0.000000 0.014228 0.023143 0.000000 0.000000 0.006345 0.033579 0.001306 0.001306 0.000206
35.0 0.918322 0.000000 0.000000 0.000000 0.000000 0.000000 0.015453 0.023096 0.000000 0.000000 0.006314 0.033891 0.001339 0.001339 0.000245
36.0 0.916785 0.000000 0.000000 0.000000 0.000000 0.000000 0.016663 0.023010 0.000000 0.000000 0.006335 0.034182 0.001370 0.001370 0.000284
37.0 0.915300 0.000000 0.000000 0.000000 0.000000 0.000000 0.017836 0.022884 0.000000 0.000000 0.006399 0.034459 0.001401 0.001401 0.000321
38.0 0.913889 0.000000 0.000000 0.000000 0.000000 0.000000 0.018951 0.022719 0.000000 0.000000 0.006497 0.034729 0.001430 0.001430 0.000355
39.0 0.912578 0.000000 0.000000 0.000000 0.000000 0.000000 0.019985 0.022514 0.000000 0.000000 0.006621 0.035002 0.001458 0.001458 0.000384
40.0 0.911399 0.000000 0.000000 0.000000 0.000000 0.000000 0.020912 0.022265 0.000000 0.000000 0.006761 0.035286 0.001485 0.001485 0.000406
41.0 0.910386 0.000000 0.000000 0.000000 0.000000 0.000000 0.021711 0.021967 0.000000 0.000000 0.006908 0.035585 0.001511 0.001511 0.000421
42.0 0.909578 0.000000 0.000000 0.000000 0.000000 0.000000 0.022360 0.021615 0.000000 0.000000 0.007055 0.035896 0.001534 0.001534 0.000427
43.0 0.909016 0.000000 0.000000 0.000000 0.000000 0.000000 0.022838 0.021204 0.000000 0.000000 0.007193 0.036214 0.001555 0.001555 0.000425
44.0 0.908738 0.000000 0.000000 0.000000 0.000000 0.000000 0.023131 0.020731 0.000000 0.000000 0.007316 0.036530 0.001571 0.001571 0.000413
45.0 0.908772 0.000000 0.000000 0.000000 0.000000 0.000000 0.023225 0.020194 0.000000 0.000000 0.007415 0.036834 0.001583 0.001583 0.000394
46.0 0.909140 0.000000 0.000000 0.000000 0.000000 0.000000 0.023113 0.019595 0.000000 0.000000 0.007484 0.037119 0.001592 0.001592 0.000366
47.0 0.909846 0.000000 0.000000 0.000000 0.000000 0.000000 0.022795 0.018936 0.000000 0.000000 0.007515 0.037383 0.001597 0.001597 0.000331
48.0 0.910885 0.000000 0.000000 0.000000 0.000000 0.000000 0.022274 0.018221 0.000000 0.000000 0.007502 0.037626 0.001600 0.001600 0.000292
49.0 0.912238 0.000000 0.000000 0.000000 0.000000 0.000000 0.021562 0.017455 0.000000 0.000000 0.007435 0.037855 0.001603 0.001603 0.000248
50.0 0.913874 0.000000 0.000000 0.000000 0.000000 0.000000 0.020677 0.016645 0.000000 0.000000 0.007310 0.038077 0.001607 0.001607 0.000203
51.0 0.915759 0.000000 0.000000 0.000000 0.000000 0.000000 0.019641 0.015798 0.000000 0.000000 0.007118 0.038300 0.001612 0.001612 0.000159
52.0 0.917852 0.000000 0.000000 0.000000 0.000000 0.000000 0.018485 0.014923 0.000000 0.000000 0.006857 0.038528 0.001618 0.001618 0.000118
53.0 0.920110 0.000000 0.000000 0.000000 0.000000 0.000000 0.017243 0.014029 0.000000 0.000000 0.006524 0.038763 0.001625 0.001625 0.000082
54.0 0.922489 0.000000 0.000000 0.000000 0.000000 0.000000 0.015951 0.013125 0.000000 0.000000 0.006118 0.039003 0.001631 0.001631 0.000052
55.0 0.924942 0.000000 0.000000 0.000000 0.000000 0.000000 0.014650 0.012221 0.000000 0.000000 0.005644 0.039243 0.001635 0.001635 0.000030
56.0 0.927420 0.000000 0.000000 0.000000 0.000000 0.000000 0.013378 0.011326 0.000000 0.000000 0.005109 0.039480 0.001637 0.001637 0.000015
57.0 0.929870 0.000000 0.000000 0.000000 0.000000 0.000000 0.012172 0.010447 0.000000 0.000000 0.004523 0.039708 0.001636 0.001636 0.000007
58.0 0.932240 0.000000 0.000000 0.000000 0.000000 0.000000 0.011068 0.009590 0.000000 0.000000 0.003902 0.039925 0.001634 0.001634 0.000007
59.0 0.934474 0.000000 0.000000 0.000000 0.000000 0.000000 0.010093 0.008759 0.000000 0.000000 0.003264 0.040133 0.001632 0.001632 0.000012
60.0 0.936519 0.000000 0.000000 0.000000 0.000000 0.000000 0.009273 0.007959 0.000000 0.000000 0.002631 0.040330 0.001632 0.001632 0.000023
61.0 0.938328 0.000000 0.000000 0.000000 0.000000 0.000000 0.008625 0.007190 0.000000 0.000000 0.002027 0.040520 0.001636 0.001636 0.000038
62.0 0.939863 0.000000 0.000000 0.000000 0.000000 0.000000 0.008159 0.006457 0.000000 0.000000 0.001473 0.040702 0.001646 0.001646 0.000055
63.0 0.941095 0.000000 0.000000 0.000000 0.000000 0.000000 0.007882 0.005761 0.000000 0.000000 0.000993 0.040873 0.001661 0.001661 0.000074
64.0 0.942011 0.000000 0.000000 0.000000 0.000000 0.000000 0.007792 0.005104 0.000000 0.000000 0.000603 0.041030 0.001683 0.001683 0.000095
65.0 0.942608 0.000000 0.000000 0.000000 0.000000 0.000000 0.007885 0.004487 0.000000 0.000000 0.000314 0.041167 0.001711 0.001711 0.000116
66.0 0.942897 0.000000 0.000000 0.000000 0.000000 0.000000 0.008150 0.003910 0.000000 0.000000 0.000132 0.041282 0.001744 0.001744 0.000139
67.0 0.942900 0.000000 0.000000 0.000000 0.000000 0.000000 0.008576 0.003374 0.000000 0.000000 0.000053 0.041371 0.001781 0.001781 0.000164
68.0 0.942643 0.000000 0.000000 0.000000 0.000000 0.000000 0.009144 0.002879 0.000000 0.000000 0.000066 0.041435 0.001821 0.001821 0.000191
69.0 0.942161 0.000000 0.000000 0.000000 0.000000 0.000000 0.009836 0.002423 0.000000 0.000000 0.000154 0.041478 0.001864 0.001864 0.000221
70.0 0.941493 0.000000 0.000000 0.000000 0.000000 0.000000 0.010626 0.002006 0.000000 0.000000 0.000295 0.041508 0.001908 0.001908 0.000255
71.0 0.940680 0.000000 0.000000 0.000000 0.000000 0.000000 0.011485 0.001630 0.000000 0.000000 0.000467 0.041535 0.001954 0.001954 0.000295
72.0 0.939766 0.000000 0.000000 0.000000 0.000000 0.000000 0.012377 0.001294 0.000000 0.000000 0.000648 0.041566 0.002003 0.002003 0.000342
73.0 0.938796 0.000000 0.000000 0.000000 0.000000 0.000000 0.013261 0.001003 0.000000 0.000000 0.000822 0.041610 0.002056 0.002056 0.000397
74.0 0.937817 0.000000 0.000000 0.000000 0.000000 0.000000 0.014087 0.000758 0.000000 0.000000 0.000980 0.041671 0.002113 0.002113 0.000460
75.0 0.936873 0.000000 0.000000 0.000000 0.000000 0.000000 0.014803 0.000566 0.000000 0.000000 0.001126 0.041751 0.002174 0.002174 0.000532
76.0 0.936004 0.000000 0.000000 0.000000 0.000000 0.000000 0.015353 0.000433 0.000000 0.000000 0.001270 0.041847 0.002240 0.002240 0.000612
77.0 0.935239 0.000000 0.000000 0.000000 0.000000 0.000000 0.015684 0.000367 0.000000 0.000000 0.001435 0.041956 0.002311 0.002311 0.000697
78.0 0.934599 0.000000 0.000000 0.000000 0.000000 0.000000 0.015751 0.000376 0.000000 0.000000 0.001645 0.042071 0.002386 0.002386 0.000785
79.0 0.934085 0.000000 0.000000 0.000000 0.000000 0.000000 0.015527 0.000471 0.000000 0.000000 0.001928 0.042186 0.002464 0.002464 0.000874
80.0 0.933685 0.000000 0.000000 0.000000 0.000000 0.000000 0.015005 0.000660 0.000000 0.000000 0.002306 0.042296 0.002545 0.002545 0.000959
81.0 0.933365 0.000000 0.000000 0.000000 0.000000 0.000000 0.014208 0.000952 0.000000 0.000000 0.002785 0.042396 0.002628 0.002628 0.001038
82.0 0.933078 0.000000 0.000000 0.000000 0.000000 0.000000 0.013191 0.001354 0.000000 0.000000 0.003359 0.042484 0.002713 0.002713 0.001109
83.0 0.932764 0.000000 0.000000 0.000000 0.000000 0.000000 0.012040 0.001869 0.000000 0.000000 0.003999 0.042559 0.002799 0.002799 0.001172
84.0 0.932356 0.000000 0.000000 0.000000 0.000000 0.000000 0.010868 0.002499 0.000000 0.000000 0.004657 0.042621 0.002886 0.002886 0.001227
85.0 0.931788 0.000000 0.000000 0.000000 0.000000 0.000000 0.009807 0.003240 0.000000 0.000000 0.005268 0.042670 0.002974 0.002974 0.001278
86.0 0.930998 0.000000 0.000000 0.000000 0.000000 0.000000 0.008989 0.004089 0.000000 0.000000 0.005764 0.042706 0.003062 0.003062 0.001331
87.0 0.929937 0.000000 0.000000 0.000000 0.000000 0.000000 0.008528 0.005037 0.000000 0.000000 0.006079 0.042728 0.003148 0.003148 0.001395
88.0 0.928575 0.000000 0.000000 0.000000 0.000000 0.000000 0.008503 0.006081 0.000000 0.000000 0.006164 0.042731 0.003231 0.003231 0.001483
89.0 0.926901 0.000000 0.000000 0.000000 0.000000 0.000000 0.008941 0.007217 0.000000 0.000000 0.006000 0.042712 0.003310 0.003310 0.001609
90.0 0.924927 0.000000 0.000000 0.000000 0.000000 0.000000 0.009802 0.008450 0.000000 0.000000 0.005605 0.042667 0.003381 0.003381 0.001787
91.0 0.922687 0.000000 0.000000 0.000000 0.000000 0.000000 0.010978 0.009794 0.000000 0.000000 0.005033 0.042591 0.003443 0.003443 0.002030
92.0 0.920231 0.000000 0.000000 0.000000 0.000000 0.000000 0.012305 0.011276 0.000000 0.000000 0.004372 0.042480 0.003496 0.003496 0.002344
93.0 0.917625 0.000000 0.000000 0.000000 0.000000 0.000000 0.013577 0.012934 0.000000 0.000000 0.003729 0.042331 0.003538 0.003538 0.002728
94.0 0.914939 0.000000 0.000000 0.000000 0.000000 0.000000 0.014583 0.014816 0.000000 0.000000 0.003208 0.042143 0.003572 0.003572 0.003166
95.0 0.912247 0.000000 0.000000 0.000000 0.000000 0.000000 0.015139 0.016978 0.000000 0.000000 0.002892 0.041914 0.003600 0.003600 0.003630
96.0 0.909616 0.000000 0.000000 0.000000 0.000000 0.000000 0.015118 0.019468 0.000000 0.000000 0.002821 0.041642 0.003627 0.003627 0.004081
97.0 0.907104 0.000000 0.000000 0.000000 0.000000 0.000000 0.014481 0.022320 0.000000 0.000000 0.002985 0.041323 0.003658 0.003658 0.004470
98.0 0.904752 0.000000 0.000000 0.000000 0.000000 0.000000 0.013283 0.025542 0.000000 0.000000 0.003317 0.040954 0.003700 0.003700 0.004752
99.0 0.902582 0.000000 0.000000 0.000000 0.000000 0.000000 0.011671 0.029103 0.000000 0.000000 0.003708 0.040530 0.003757 0.003757 0.004891
100.0 0.900587 0.000000 0.000000 0.000000 0.000000 0.000000 0.009857 0.032930 0.000000 0.000000 0.004033 0.040051 0.003835 0.003835 0.004872
101.0 0.898734 0.000000 0.000000 0.000000 0.000000 0.000000 0.008079 0.036915 0.000000 0.000000 0.004174 0.039519 0.003936 0.003936 0.004708
102.0 0.896951 0.000000 0.000000 0.000000 0.000000 0.000000 0.006557 0.040925 0.000000 0.000000 0.004058 0.038947 0.004059 0.004059 0.004446
103.0 0.895133 0.000000 0.000000 0.000000 0.000000 0.000000 0.005455 0.044830 0.000000 0.000000 0.003669 0.038355 0.004199 0.004199 0.004162
104.0 0.893139 0.000000 0.000000 0.000000 0.000000 0.000000 0.004845 0.048530 0.000000 0.000000 0.003064 0.037775 0.004348 0.004348 0.003950
105.0 0.890806 0.000000 0.000000 0.000000 0.000000 0.000000 0.004704 0.051990 0.000000 0.000000 0.002352 0.037246 0.004497 0.004497 0.003908
106.0 0.887961 0.000000 0.000000 0.000000 0.000000 0.000000 0.004917 0.055263 0.000000 0.000000 0.001678 0.036809 0.004631 0.004631 0.004111
107.0 0.884446 0.000000 0.000000 0.000000 0.000000 0.000000 0.005316 0.058496 0.000000 0.000000 0.001176 0.036500 0.004736 0.004736 0.004595
108.0 0.880154 0.000000 0.000000 0.000000 0.000000 0.000000 0.005714 0.061918 0.000000 0.000000 0.000939 0.036337 0.004799 0.004799 0.005339
109.0 0.875059 0.000000 0.000000 0.000000 0.000000 0.000000 0.005949 0.065801 0.000000 0.000000 0.000989 0.036315 0.004812 0.004812 0.006264
110.0 0.869246 0.000000 0.000000 0.000000 0.000000 0.000000 0.005916 0.070396 0.000000 0.000000 0.001274 0.036397 0.004769 0.004769 0.007234
111.0 0.862926 0.000000 0.000000 0.000000 0.000000 0.000000 0.005585 0.075863 0.000000 0.000000 0.001676 0.036515 0.004673 0.004673 0.008088
112.0 0.856425 0.000000 0.000000 0.000000 0.000000 0.000000 0.004991 0.082209 0.000000 0.000000 0.002055 0.036576 0.004537 0.004537 0.008671
113.0 0.850149 0.000000 0.000000 0.000000 0.000000 0.000000 0.004226 0.089244 0.000000 0.000000 0.002279 0.036475 0.004378 0.004378 0.008871
114.0 0.844510 0.000000 0.000000 0.000000 0.000000 0.000000 0.003402 0.096595 0.000000 0.000000 0.002273 0.036118 0.004224 0.004224 0.008655
115.0 0.839835 0.000000 0.000000 0.000000 0.000000 0.000000 0.002630 0.103770 0.000000 0.000000 0.002032 0.035444 0.004103 0.004103 0.008082
116.0 0.836264 0.000000 0.000000 0.000000 0.000000 0.000000 0.001998 0.110266 0.000000 0.000000 0.001630 0.034446 0.004046 0.004046 0.007303
117.0 0.833673 0.000000 0.000000 0.000000 0.000000 0.000000 0.001556 0.115714 0.000000 0.000000 0.001188 0.033182 0.004080 0.004080 0.006528
118.0 0.831643 0.000000 0.000000 0.000000 0.000000 0.000000 0.001320 0.120002 0.000000 0.000000 0.000842 0.031771 0.004220 0.004220 0.005981
119.0 0.829504 0.000000 0.000000 0.000000 0.000000 0.000000 0.001273 0.123360 0.000000 0.000000 0.000694 0.030378 0.004471 0.004471 0.005849
120.0 0.826455 0.000000 0.000000 0.000000 0.000000 0.000000 0.001376 0.126343 0.000000 0.000000 0.000784 0.029177 0.004820 0.004820 0.006226
121.0 0.821759 0.000000 0.000000 0.000000 0.000000 0.000000 0.001575 0.129722 0.000000 0.000000 0.001074 0.028310 0.005236 0.005236 0.007088
122.0 0.814953 0.000000 0.000000 0.000000 0.000000 0.000000 0.001811 0.134283 0.000000 0.000000 0.001465 0.027848 0.005675 0.005675 0.008289
123.0 0.806042 0.000000 0.000000 0.000000 0.000000 0.000000 0.002026 0.140589 0.000000 0.000000 0.001828 0.027759 0.006084 0.006084 0.009588
124.0 0.795583 0.000000 0.000000 0.000000 0.000000 0.000000 0.002169 0.148770 0.000000 0.000000 0.002046 0.027910 0.006409 0.006409 0.010705
125.0 0.784637 0.000000 0.000000 0.000000 0.000000 0.000000 0.002211 0.158411 0.000000 0.000000 0.002056 0.028088 0.006602 0.006602 0.011394
126.0 0.774558 0.000000 0.000000 0.000000 0.000000 0.000000 0.002147 0.168604 0.000000 0.000000 0.001860 0.028049 0.006634 0.006634 0.011513
127.0 0.766648 0.000000 0.000000 0.000000 0.000000 0.000000 0.002001 0.178162 0.000000 0.000000 0.001526 0.027584 0.006504 0.006504 0.011071
128.0 0.761764 0.000000 0.000000 0.000000 0.000000 0.000000 0.001822 0.185968 0.000000 0.000000 0.001155 0.026582 0.006234 0.006234 0.010241
129.0 0.759983 0.000000 0.000000 0.000000 0.000000 0.000000 0.001670 0.191356 0.000000 0.000000 0.000848 0.025076 0.005876 0.005876 0.009315
130.0 0.760455 0.000000 0.000000 0.000000 0.000000 0.000000 0.001602 0.194403 0.000000 0.000000 0.000677 0.023242 0.005498 0.005498 0.008625
131.0 0.761525 0.000000 0.000000 0.000000 0.000000 0.000000 0.001648 0.196000 0.000000 0.000000 0.000661 0.021373 0.005176 0.005176 0.008441
132.0 0.761142 0.000000 0.000000 0.000000 0.000000 0.000000 0.001803 0.197651 0.000000 0.000000 0.000775 0.019796 0.004975 0.004975 0.008883
133.0 0.757470 0.000000 0.000000 0.000000 0.000000 0.000000 0.002024 0.201007 0.000000 0.000000 0.000957 0.018783 0.004939 0.004939 0.009880
134.0 0.749533 0.000000 0.000000 0.000000 0.000000 0.000000 0.002242 0.207276 0.000000 0.000000 0.001139 0.018462 0.005079 0.005079 0.011190
135.0 0.737662 0.000000 0.000000 0.000000 0.000000 0.000000 0.002385 0.216706 0.000000 0.000000 0.001264 0.018771 0.005371 0.005371 0.012469
136.0 0.723563 0.000000 0.000000 0.000000 0.000000 0.000000 0.002408 0.228356 0.000000 0.000000 0.001305 0.019464 0.005762 0.005762 0.013378
137.0 0.709897 0.000000 0.000000 0.000000 0.000000 0.000000 0.002313 0.240289 0.000000 0.000000 0.001262 0.020183 0.006183 0.006183 0.013690
138.0 0.699466 0.000000 0.000000 0.000000 0.000000 0.000000 0.002143 0.250182 0.000000 0.000000 0.001160 0.020561 0.006563 0.006563 0.013361
139.0 0.694221 0.000000 0.000000 0.000000 0.000000 0.000000 0.001965 0.256181 0.000000 0.000000 0.001035 0.020344 0.006852 0.006852 0.012550
140.0 0.694446 0.000000 0.000000 0.000000 0.000000 0.000000 0.001836 0.257709 0.000000 0.000000 0.000926 0.019476 0.007022 0.007022 0.011562
141.0 0.698453 0.000000 0.000000 0.000000 0.000000 0.000000 0.001789 0.255876 0.000000 0.000000 0.000866 0.018118 0.007079 0.007079 0.010739
142.0 0.702994 0.000000 0.000000 0.000000 0.000000 0.000000 0.001819 0.253275 0.000000 0.000000 0.000885 0.016589 0.007050 0.007050 0.010338
143.0 0.704334 0.000000 0.000000 0.000000 0.000000 0.000000 0.001896 0.253121 0.000000 0.000000 0.000998 0.015256 0.006969 0.006969 0.010456
144.0 0.699660 0.000000 0.000000 0.000000 0.000000 0.000000 0.001980 0.258003 0.000000 0.000000 0.001212 0.014393 0.006868 0.006868 0.011017
145.0 0.688298 0.000000 0.000000 0.000000 0.000000 0.000000 0.002046 0.268735 0.000000 0.000000 0.001513 0.014074 0.006756 0.006756 0.011823
146.0 0.672186 0.000000 0.000000 0.000000 0.000000 0.000000 0.002094 0.283818 0.000000 0.000000 0.001878 0.014145 0.006628 0.006628 0.012623
147.0 0.655323 0.000000 0.000000 0.000000 0.000000 0.000000 0.002153 0.299835 0.000000 0.000000 0.002284 0.014288 0.006463 0.006463 0.013190
148.0 0.642284 0.000000 0.000000 0.000000 0.000000 0.000000 0.002257 0.312723 0.000000 0.000000 0.002717 0.014149 0.006248 0.006248 0.013374
149.0 0.636341 0.000000 0.000000 0.000000 0.000000 0.000000 0.002416 0.319478 0.000000 0.000000 0.003173 0.013484 0.005985 0.005985 0.013136
150.0 0.637943 0.000000 0.000000 0.000000 0.000000 0.000000 0.002620 0.319562 0.000000 0.000000 0.003646 0.012272 0.005710 0.005710 0.012538
151.0 0.644304 0.000000 0.000000 0.000000 0.000000 0.000000 0.002849 0.315333 0.000000 0.000000 0.004117 0.010721 0.005479 0.005479 0.011718
152.0 0.650395 0.000000 0.000000 0.000000 0.000000 0.000000 0.003101 0.311169 0.000000 0.000000 0.004565 0.009189 0.005360 0.005360 0.010861
153.0 0.651073 0.000000 0.000000 0.000000 0.000000 0.000000 0.003390 0.311534 0.000000 0.000000 0.004981 0.008030 0.005406 0.005406 0.010180
154.0 0.643432 0.000000 0.000000 0.000000 0.000000 0.000000 0.003753 0.318846 0.000000 0.000000 0.005392 0.007441 0.005628 0.005628 0.009881
155.0 0.628282 0.000000 0.000000 0.000000 0.000000 0.000000 0.004240 0.332175 0.000000 0.000000 0.005884 0.007381 0.005990 0.005990 0.010058
156.0 0.609962 0.000000 0.000000 0.000000 0.000000 0.000000 0.004887 0.347516 0.000000 0.000000 0.006601 0.007598 0.006413 0.006413 0.010610
157.0 0.594424 0.000000 0.000000 0.000000 0.000000 0.000000 0.005679 0.359632 0.000000 0.000000 0.007685 0.007749 0.006800 0.006800 0.011232
158.0 0.586404 0.000000 0.000000 0.000000 0.000000 0.000000 0.006568 0.364666 0.000000 0.000000 0.009162 0.007561 0.007064 0.007064 0.011511
159.0 0.587022 0.000000 0.000000 0.000000 0.000000 0.000000 0.007518 0.362212 0.000000 0.000000 0.010863 0.006948 0.007161 0.007161 0.011114
160.0 0.593088 0.000000 0.000000 0.000000 0.000000 0.000000 0.008536 0.355701 0.000000 0.000000 0.012451 0.006039 0.007097 0.007097 0.009991
161.0 0.598617 0.000000 0.000000 0.000000 0.000000 0.000000 0.009658 0.350719 0.000000 0.000000 0.013579 0.005096 0.006917 0.006917 0.008497
162.0 0.597872 0.000000 0.000000 0.000000 0.000000 0.000000 0.010940 0.352059 0.000000 0.000000 0.014102 0.004372 0.006680 0.006680 0.007295
163.0 0.588381 0.000000 0.000000 0.000000 0.000000 0.000000 0.012445 0.361089 0.000000 0.000000 0.014239 0.003987 0.006429 0.006429 0.007001
164.0 0.572272 0.000000 0.000000 0.000000 0.000000 0.000000 0.014183 0.374940 0.000000 0.000000 0.014590 0.003879 0.006176 0.006176 0.007784
165.0 0.555147 0.000000 0.000000 0.000000 0.000000 0.000000 0.016086 0.388066 0.000000 0.000000 0.015853 0.003858 0.005901 0.005901 0.009188
166.0 0.543000 0.000000 0.000000 0.000000 0.000000 0.000000 0.018078 0.395378 0.000000 0.000000 0.018356 0.003721 0.005578 0.005578 0.010311
167.0 0.538881 0.000000 0.000000 0.000000 0.000000 0.000000 0.020134 0.395177 0.000000 0.000000 0.021735 0.003361 0.005202 0.005202 0.010309
168.0 0.541229 0.000000 0.000000 0.000000 0.000000 0.000000 0.022261 0.390075 0.000000 0.000000 0.025022 0.002818 0.004804 0.004804 0.008989
169.0 0.544895 0.000000 0.000000 0.000000 0.000000 0.000000 0.024495 0.385289 0.000000 0.000000 0.027131 0.002232 0.004449 0.004449 0.007060
170.0 0.544220 0.000000 0.000000 0.000000 0.000000 0.000000 0.026921 0.385352 0.000000 0.000000 0.027560 0.001761 0.004212 0.004212 0.005762
171.0 0.536326 0.000000 0.000000 0.000000 0.000000 0.000000 0.029607 0.391345 0.000000 0.000000 0.026917 0.001488 0.004138 0.004138 0.006042
172.0 0.522637 0.000000 0.000000 0.000000 0.000000 0.000000 0.032553 0.400376 0.000000 0.000000 0.026749 0.001391 0.004223 0.004223 0.007849
173.0 0.507754 0.000000 0.000000 0.000000 0.000000 0.000000 0.035770 0.407661 0.000000 0.000000 0.028579 0.001376 0.004414 0.004414 0.010034
174.0 0.496457 0.000000 0.000000 0.000000 0.000000 0.000000 0.039292 0.409776 0.000000 0.000000 0.032818 0.001341 0.004626 0.004626 0.011063
175.0 0.490831 0.000000 0.000000 0.000000 0.000000 0.000000 0.043069 0.406806 0.000000 0.000000 0.038299 0.001234 0.004790 0.004790 0.010181
176.0 0.489345 0.000000 0.000000 0.000000 0.000000 0.000000 0.047003 0.401925 0.000000 0.000000 0.042798 0.001064 0.004871 0.004871 0.008124
177.0 0.488221 0.000000 0.000000 0.000000 0.000000 0.000000 0.051036 0.398903 0.000000 0.000000 0.044494 0.000878 0.004877 0.004877 0.006715
178.0 0.484001 0.000000 0.000000 0.000000 0.000000 0.000000 0.055106 0.399459 0.000000 0.000000 0.043479 0.000723 0.004841 0.004841 0.007550
179.0 0.475515 0.000000 0.000000 0.000000 0.000000 0.000000 0.059272 0.402400 0.000000 0.000000 0.041940 0.000622 0.004787 0.004787 0.010676
180.0 0.464081 0.000000 0.000000 0.000000 0.000000 0.000000 0.063808 0.405081 0.000000 0.000000 0.042730 0.000571 0.004707 0.004707 0.014316
181.0 0.452176 0.000000 0.000000 0.000000 0.000000 0.000000 0.068903 0.405760 0.000000 0.000000 0.047327 0.000555 0.004566 0.004566 0.016146
182.0 0.441865 0.000000 0.000000 0.000000 0.000000 0.000000 0.074489 0.404759 0.000000 0.000000 0.054454 0.000560 0.004328 0.004328 0.015218
183.0 0.433991 0.000000 0.000000 0.000000 0.000000 0.000000 0.080280 0.403585 0.000000 0.000000 0.060688 0.000581 0.003981 0.003981 0.012914
184.0 0.428264 0.000000 0.000000 0.000000 0.000000 0.000000 0.085791 0.403078 0.000000 0.000000 0.063064 0.000618 0.003565 0.003565 0.012056
185.0 0.423675 0.000000 0.000000 0.000000 0.000000 0.000000 0.090757 0.402494 0.000000 0.000000 0.061485 0.000670 0.003150 0.003150 0.014619
186.0 0.418698 0.000000 0.000000 0.000000 0.000000 0.000000 0.095551 0.400545 0.000000 0.000000 0.059015 0.000733 0.002809 0.002809 0.019840
187.0 0.411539 0.000000 0.000000 0.000000 0.000000 0.000000 0.100838 0.397279 0.000000 0.000000 0.059756 0.000798 0.002582 0.002582 0.024626
188.0 0.401014 0.000000 0.000000 0.000000 0.000000 0.000000 0.107141 0.394560 0.000000 0.000000 0.065426 0.000861 0.002458 0.002458 0.026082
189.0 0.387804 0.000000 0.000000 0.000000 0.000000 0.000000 0.114403 0.394275 0.000000 0.000000 0.073673 0.000938 0.002391 0.002391 0.024123
190.0 0.374880 0.000000 0.000000 0.000000 0.000000 0.000000 0.121704 0.395850 0.000000 0.000000 0.079923 0.001063 0.002343 0.002343 0.021893
191.0 0.365952 0.000000 0.000000 0.000000 0.000000 0.000000 0.128121 0.395849 0.000000 0.000000 0.081049 0.001270 0.002305 0.002305 0.023151
192.0 0.362395 0.000000 0.000000 0.000000 0.000000 0.000000 0.133568 0.390862 0.000000 0.000000 0.078180 0.001555 0.002301 0.002301 0.028840
193.0 0.361220 0.000000 0.000000 0.000000 0.000000 0.000000 0.138856 0.381292 0.000000 0.000000 0.076020 0.001851 0.002358 0.002358 0.036043
194.0 0.356614 0.000000 0.000000 0.000000 0.000000 0.000000 0.145318 0.372036 0.000000 0.000000 0.078651 0.002062 0.002472 0.002472 0.040375
195.0 0.344674 0.000000 0.000000 0.000000 0.000000 0.000000 0.153427 0.368531 0.000000 0.000000 0.085998 0.002142 0.002590 0.002590 0.040048
196.0 0.327577 0.000000 0.000000 0.000000 0.000000 0.000000 0.162197 0.371250 0.000000 0.000000 0.093786 0.002167 0.002642 0.002642 0.037739
197.0 0.312759 0.000000 0.000000 0.000000 0.000000 0.000000 0.170112 0.374253 0.000000 0.000000 0.097210 0.002308 0.002584 0.002584 0.038189
198.0 0.306714 0.000000 0.000000 0.000000 0.000000 0.000000 0.176186 0.370229 0.000000 0.000000 0.095491 0.002696 0.002427 0.002427 0.043832
199.0 0.308564 0.000000 0.000000 0.000000 0.000000 0.000000 0.181183 0.357838 0.000000 0.000000 0.092392 0.003273 0.002222 0.002222 0.052305
200.0 0.309809 0.000000 0.000000 0.000000 0.000000 0.000000 0.186909 0.344083 0.000000 0.000000 0.092755 0.003802 0.002024 0.002024 0.058595
