# Time Pop_0 Pop_1 Pop_2 Pop_3 Pop_4 Pop_5 Pop_6 Pop_7 Pop_8 Pop_9 Pop_10 Pop_11 Pop_12 Pop_13 Pop_14
0.0 0.904844 0.005029 0.028036 0.007666 0.000274 0.000533 0.013667 0.004797 0.000893 0.000201 0.003460 0.029430 0.000038 0.000004 0.001127
1.0 0.904844 0.005029 0.028036 0.007666 0.000274 0.000533 0.013667 0.004798 0.000893 0.000201 0.003460 0.029430 0.000038 0.000004 0.001127
2.0 0.904840 0.005029 0.028036 0.007666 0.000274 0.000533 0.013667 0.004800 0.000893 0.000201 0.003460 0.029431 0.000038 0.000004 0.001127
3.0 0.904826 0.005029 0.028033 0.007666 0.000274 0.000533 0.013671 0.004809 0.000893 0.000201 0.003459 0.029432 0.000038 0.000004 0.001129
4.0 0.904796 0.005029 0.028029 0.007667 0.000275 0.000533 0.013679 0.004829 0.000893 0.000200 0.003460 0.029437 0.000038 0.000004 0.001132
5.0 0.904744 0.005027 0.028023 0.007669 0.000276 0.000533 0.013691 0.004858 0.000893 0.000200 0.003460 0.029449 0.000038 0.000004 0.001135
6.0 0.904671 0.005025 0.028018 0.007672 0.000277 0.000532 0.013709 0.004892 0.000892 0.000200 0.003460 0.029470 0.000038 0.000004 0.001139
7.0 0.904577 0.005022 0.028015 0.007678 0.000278 0.000532 0.013730 0.004929 0.000892 0.000200 0.003460 0.029503 0.000038 0.000004 0.001143
8.0 0.904463 0.005016 0.028015 0.007687 0.000280 0.000532 0.013752 0.004966 0.000891 0.000199 0.003459 0.029548 0.000038 0.000004 0.001149
9.0 0.904329 0.005008 0.028019 0.007700 0.000281 0.000532 0.013774 0.005008 0.000891 0.000199 0.003458 0.029603 0.000038 0.000004 0.001155
10.0 0.904176 0.004999 0.028025 0.007717 0.000284 0.000532 0.013797 0.005057 0.000891 0.000198 0.003458 0.029663 0.000038 0.000004 0.001161
11.0 0.904003 0.004986 0.028032 0.007740 0.000286 0.000533 0.013821 0.005116 0.000890 0.000198 0.003457 0.029727 0.000038 0.000004 0.001169
12.0 0.903814 0.004970 0.028039 0.007770 0.000289 0.000533 0.013848 0.005184 0.000890 0.000198 0.003455 0.029792 0.000038 0.000004 0.001177
13.0 0.903614 0.004950 0.028044 0.007806 0.000292 0.000533 0.013881 0.005255 0.000889 0.000198 0.003453 0.029857 0.000038 0.000004 0.001186
14.0 0.903410 0.004926 0.028046 0.007852 0.000296 0.000534 0.013917 0.005328 0.000888 0.000198 0.003449 0.029922 0.000038 0.000004 0.001195
15.0 0.903203 0.004897 0.028042 0.007905 0.000300 0.000535 0.013958 0.005400 0.000887 0.000197 0.003444 0.029986 0.000037 0.000004 0.001204
16.0 0.902993 0.004863 0.028030 0.007968 0.000304 0.000537 0.013999 0.005476 0.000887 0.000197 0.003438 0.030052 0.000037 0.000004 0.001214
17.0 0.902778 0.004825 0.028009 0.008041 0.000308 0.000539 0.014040 0.005560 0.000887 0.000197 0.003431 0.030120 0.000037 0.000004 0.001225
18.0 0.902556 0.004782 0.027979 0.008122 0.000313 0.000541 0.014080 0.005653 0.000887 0.000197 0.003422 0.030192 0.000036 0.000004 0.001236
19.0 0.902325 0.004733 0.027942 0.008213 0.000319 0.000543 0.014120 0.005752 0.000886 0.000197 0.003413 0.030269 0.000035 0.000004 0.001247
20.0 0.902085 0.004678 0.027900 0.008313 0.000325 0.000546 0.014162 0.005854 0.000886 0.000198 0.003402 0.030354 0.000034 0.000004 0.001259
21.0 0.901833 0.004616 0.027857 0.008422 0.000331 0.000549 0.014209 0.005956 0.000886 0.000198 0.003389 0.030445 0.000033 0.000004 0.001271
22.0 0.901571 0.004547 0.027812 0.008540 0.000338 0.000553 0.014261 0.006057 0.000887 0.000198 0.003375 0.030543 0.000032 0.000004 0.001284
23.0 0.901299 0.004472 0.027766 0.008664 0.000345 0.000556 0.014316 0.006163 0.000888 0.000199 0.003358 0.030643 0.000031 0.000004 0.001296
24.0 0.901019 0.004389 0.027718 0.008796 0.000353 0.000560 0.014374 0.006276 0.000889 0.000199 0.003341 0.030744 0.000030 0.000004 0.001310
25.0 0.900738 0.004299 0.027666 0.008933 0.000360 0.000563 0.014432 0.006396 0.000889 0.000200 0.003323 0.030845 0.000029 0.000004 0.001324
26.0 0.900462 0.004202 0.027609 0.009074 0.000368 0.000566 0.014490 0.006522 0.000889 0.000200 0.003303 0.030945 0.000027 0.000004 0.001338
27.0 0.900197 0.004099 0.027544 0.009219 0.000377 0.000570 0.014549 0.006647 0.000890 0.000201 0.003281 0.031046 0.000026 0.000004 0.001352
28.0 0.899947 0.003991 0.027468 0.009366 0.000385 0.000573 0.014610 0.006768 0.000892 0.000201 0.003258 0.031147 0.000025 0.000004 0.001366
29.0 0.899712 0.003877 0.027379 0.009514 0.000394 0.000576 0.014675 0.006888 0.000894 0.000201 0.003233 0.031249 0.000024 0.000004 0.001381
30.0 0.899491 0.003759 0.027275 0.009661 0.000402 0.000579 0.014744 0.007011 0.000896 0.000201 0.003207 0.031350 0.000022 0.000004 0.001396
31.0 0.899285 0.003638 0.027156 0.009806 0.000411 0.000582 0.014818 0.007139 0.000899 0.000202 0.003180 0.031451 0.000021 0.000004 0.001411
32.0 0.899093 0.003513 0.027022 0.009948 0.000419 0.000584 0.014894 0.007273 0.000901 0.000202 0.003152 0.031551 0.000019 0.000004 0.001426
33.0 0.898917 0.003384 0.026877 0.010086 0.000428 0.000587 0.014972 0.007408 0.000903 0.000201 0.003123 0.031652 0.000017 0.000004 0.001441
34.0 0.898759 0.003254 0.026723 0.010218 0.000437 0.000588 0.015052 0.007539 0.000906 0.000201 0.003094 0.031753 0.000016 0.000004 0.001457
35.0 0.898618 0.003120 0.026565 0.010345 0.000445 0.000590 0.015133 0.007665 0.000910 0.000201 0.003064 0.031854 0.000014 0.000004 0.001473
36.0 0.898490 0.002986 0.026402 0.010465 0.000453 0.000590 0.015216 0.007788 0.000914 0.000200 0.003034 0.031955 0.000013 0.000004 0.001489
37.0 0.898371 0.002850 0.026236 0.010579 0.000462 0.000590 0.015305 0.007913 0.000917 0.000199 0.003005 0.032054 0.000012 0.000004 0.001505
38.0 0.898256 0.002714 0.026066 0.010685 0.000470 0.000590 0.015400 0.008042 0.000920 0.000198 0.002976 0.032150 0.000011 0.000004 0.001521
39.0 0.898147 0.002578 0.025888 0.010783 0.000477 0.000588 0.015501 0.008174 0.000923 0.000197 0.002947 0.032244 0.000010 0.000003 0.001539
40.0 0.898048 0.002445 0.025702 0.010874 0.000485 0.000587 0.015607 0.008304 0.000927 0.000195 0.002919 0.032339 0.000009 0.000003 0.001555
41.0 0.897965 0.002314 0.025505 0.010959 0.000493 0.000584 0.015717 0.008427 0.000931 0.000193 0.002892 0.032436 0.000008 0.000003 0.001572
42.0 0.897904 0.002186 0.025296 0.011036 0.000500 0.000582 0.015829 0.008542 0.000935 0.000192 0.002866 0.032533 0.000008 0.000003 0.001590
43.0 0.897863 0.002061 0.025071 0.011108 0.000507 0.000580 0.015943 0.008652 0.000939 0.000189 0.002840 0.032628 0.000007 0.000004 0.001607
44.0 0.897842 0.001941 0.024832 0.011175 0.000514 0.000577 0.016058 0.008761 0.000943 0.000187 0.002816 0.032718 0.000007 0.000003 0.001625
45.0 0.897837 0.001826 0.024578 0.011238 0.000520 0.000574 0.016177 0.008872 0.000946 0.000185 0.002793 0.032801 0.000007 0.000003 0.001643
46.0 0.897844 0.001716 0.024312 0.011298 0.000527 0.000570 0.016301 0.008983 0.000949 0.000182 0.002771 0.032876 0.000007 0.000003 0.001660
47.0 0.897860 0.001610 0.024039 0.011355 0.000533 0.000566 0.016433 0.009088 0.000952 0.000180 0.002750 0.032944 0.000007 0.000003 0.001679
48.0 0.897885 0.001510 0.023761 0.011412 0.000539 0.000561 0.016571 0.009184 0.000955 0.000177 0.002730 0.033006 0.000007 0.000003 0.001698
49.0 0.897914 0.001415 0.023480 0.011468 0.000544 0.000557 0.016715 0.009270 0.000958 0.000174 0.002712 0.033066 0.000008 0.000003 0.001716
50.0 0.897944 0.001325 0.023197 0.011525 0.000550 0.000552 0.016862 0.009351 0.000960 0.000172 0.002694 0.033123 0.000008 0.000003 0.001734
51.0 0.897970 0.001240 0.022911 0.011583 0.000555 0.000547 0.017010 0.009432 0.000961 0.000169 0.002677 0.033179 0.000009 0.000003 0.001753
52.0 0.897990 0.001161 0.022619 0.011643 0.000561 0.000543 0.017159 0.009513 0.000962 0.000166 0.002662 0.033236 0.000010 0.000003 0.001772
53.0 0.898008 0.001088 0.022321 0.011705 0.000566 0.000538 0.017311 0.009592 0.000963 0.000163 0.002646 0.033293 0.000011 0.000003 0.001791
54.0 0.898027 0.001019 0.022015 0.011770 0.000572 0.000533 0.017466 0.009665 0.000964 0.000160 0.002631 0.033353 0.000011 0.000003 0.001810
55.0 0.898054 0.000955 0.021700 0.011838 0.000578 0.000528 0.017627 0.009727 0.000964 0.000158 0.002615 0.033413 0.000013 0.000003 0.001829
56.0 0.898091 0.000896 0.021375 0.011910 0.000583 0.000523 0.017793 0.009779 0.000963 0.000154 0.002598 0.033469 0.000014 0.000003 0.001848
57.0 0.898143 0.000842 0.021041 0.011984 0.000588 0.000518 0.017963 0.009826 0.000962 0.000151 0.002580 0.033516 0.000015 0.000003 0.001867
58.0 0.898210 0.000792 0.020697 0.012062 0.000593 0.000513 0.018134 0.009872 0.000960 0.000149 0.002561 0.033553 0.000016 0.000003 0.001885
59.0 0.898295 0.000745 0.020346 0.012141 0.000598 0.000508 0.018305 0.009917 0.000957 0.000146 0.002540 0.033577 0.000017 0.000003 0.001903
60.0 0.898398 0.000703 0.019987 0.012223 0.000602 0.000503 0.018473 0.009960 0.000954 0.000143 0.002517 0.033594 0.000019 0.000003 0.001921
61.0 0.898517 0.000663 0.019624 0.012305 0.000606 0.000497 0.018641 0.009995 0.000951 0.000141 0.002492 0.033606 0.000020 0.000003 0.001939
62.0 0.898649 0.000626 0.019259 0.012387 0.000610 0.000492 0.018809 0.010021 0.000947 0.000138 0.002464 0.033619 0.000021 0.000003 0.001957
63.0 0.898791 0.000591 0.018890 0.012469 0.000614 0.000486 0.018978 0.010039 0.000942 0.000134 0.002432 0.033635 0.000022 0.000003 0.001973
64.0 0.898936 0.000558 0.018520 0.012549 0.000617 0.000480 0.019150 0.010054 0.000936 0.000131 0.002398 0.033656 0.000023 0.000003 0.001989
65.0 0.899082 0.000527 0.018147 0.012626 0.000620 0.000474 0.019322 0.010071 0.000930 0.000129 0.002359 0.033681 0.000025 0.000003 0.002005
66.0 0.899233 0.000497 0.017771 0.012700 0.000624 0.000468 0.019495 0.010089 0.000923 0.000126 0.002317 0.033708 0.000026 0.000003 0.002021
67.0 0.899399 0.000469 0.017392 0.012769 0.000627 0.000461 0.019664 0.010107 0.000916 0.000123 0.002271 0.033738 0.000027 0.000003 0.002035
68.0 0.899588 0.000442 0.017010 0.012833 0.000629 0.000455 0.019828 0.010119 0.000909 0.000120 0.002220 0.033767 0.000029 0.000003 0.002049
69.0 0.899808 0.000416 0.016624 0.012892 0.000631 0.000448 0.019986 0.010123 0.000901 0.000117 0.002165 0.033794 0.000030 0.000003 0.002062
70.0 0.900061 0.000392 0.016233 0.012946 0.000633 0.000441 0.020140 0.010120 0.000892 0.000113 0.002106 0.033816 0.000032 0.000003 0.002074
71.0 0.900345 0.000368 0.015837 0.012994 0.000633 0.000433 0.020290 0.010115 0.000882 0.000110 0.002042 0.033829 0.000033 0.000003 0.002086
72.0 0.900654 0.000345 0.015435 0.013036 0.000634 0.000426 0.020437 0.010112 0.000872 0.000107 0.001974 0.033834 0.000034 0.000003 0.002096
73.0 0.900984 0.000323 0.015028 0.013073 0.000633 0.000418 0.020581 0.010113 0.000862 0.000104 0.001903 0.033835 0.000036 0.000003 0.002105
74.0 0.901329 0.000302 0.014617 0.013104 0.000632 0.000410 0.020723 0.010113 0.000851 0.000101 0.001828 0.033835 0.000038 0.000003 0.002115
75.0 0.901689 0.000282 0.014203 0.013130 0.000631 0.000401 0.020861 0.010110 0.000840 0.000097 0.001749 0.033841 0.000039 0.000003 0.002123
76.0 0.902060 0.000262 0.013790 0.013153 0.000630 0.000393 0.020992 0.010101 0.000828 0.000094 0.001668 0.033855 0.000041 0.000003 0.002130
77.0 0.902440 0.000244 0.013378 0.013172 0.000628 0.000385 0.021116 0.010088 0.000815 0.000091 0.001585 0.033878 0.000043 0.000003 0.002136
78.0 0.902822 0.000226 0.012969 0.013188 0.000626 0.000377 0.021231 0.010076 0.000802 0.000088 0.001500 0.033906 0.000044 0.000003 0.002141
79.0 0.903204 0.000209 0.012562 0.013203 0.000625 0.000369 0.021341 0.010067 0.000790 0.000084 0.001414 0.033937 0.000046 0.000002 0.002147
80.0 0.903583 0.000192 0.012158 0.013218 0.000623 0.000360 0.021446 0.010063 0.000776 0.000082 0.001328 0.033969 0.000047 0.000002 0.002152
81.0 0.903962 0.000177 0.011756 0.013234 0.000621 0.000352 0.021549 0.010059 0.000763 0.000079 0.001241 0.033999 0.000048 0.000002 0.002156
82.0 0.904344 0.000162 0.011357 0.013253 0.000619 0.000344 0.021650 0.010053 0.000748 0.000076 0.001155 0.034028 0.000050 0.000002 0.002159
83.0 0.904730 0.000148 0.010957 0.013276 0.000616 0.000336 0.021749 0.010043 0.000734 0.000073 0.001070 0.034054 0.000051 0.000002 0.002162
84.0 0.905122 0.000135 0.010558 0.013303 0.000613 0.000328 0.021843 0.010028 0.000718 0.000070 0.000986 0.034077 0.000052 0.000002 0.002165
85.0 0.905517 0.000123 0.010157 0.013336 0.000609 0.000320 0.021930 0.010013 0.000703 0.000068 0.000904 0.034098 0.000053 0.000002 0.002167
86.0 0.905910 0.000111 0.009757 0.013375 0.000606 0.000312 0.022008 0.010002 0.000687 0.000065 0.000826 0.034116 0.000054 0.000002 0.002169
87.0 0.906293 0.000100 0.009356 0.013420 0.000603 0.000305 0.022081 0.009994 0.000672 0.000063 0.000750 0.034135 0.000055 0.000002 0.002171
88.0 0.906661 0.000091 0.008958 0.013472 0.000600 0.000297 0.022150 0.009987 0.000656 0.000061 0.000677 0.034159 0.000056 0.000002 0.002173
89.0 0.907008 0.000082 0.008564 0.013530 0.000597 0.000290 0.022218 0.009980 0.000640 0.000059 0.000608 0.034188 0.000057 0.000002 0.002175
90.0 0.907334 0.000073 0.008176 0.013596 0.000594 0.000283 0.022288 0.009969 0.000624 0.000057 0.000544 0.034225 0.000058 0.000002 0.002177
91.0 0.907638 0.000066 0.007795 0.013668 0.000591 0.000276 0.022359 0.009957 0.000607 0.000055 0.000483 0.034266 0.000058 0.000002 0.002178
92.0 0.907920 0.000058 0.007423 0.013746 0.000588 0.000269 0.022429 0.009945 0.000590 0.000053 0.000426 0.034310 0.000059 0.000002 0.002181
93.0 0.908185 0.000052 0.007058 0.013828 0.000585 0.000262 0.022496 0.009935 0.000574 0.000052 0.000374 0.034354 0.000059 0.000002 0.002184
94.0 0.908435 0.000046 0.006703 0.013914 0.000583 0.000255 0.022558 0.009930 0.000557 0.000050 0.000327 0.034396 0.000059 0.000001 0.002187
95.0 0.908673 0.000040 0.006354 0.014003 0.000579 0.000249 0.022616 0.009926 0.000540 0.000049 0.000283 0.034438 0.000059 0.000001 0.002190
96.0 0.908902 0.000035 0.006011 0.014092 0.000576 0.000242 0.022672 0.009921 0.000524 0.000047 0.000244 0.034479 0.000058 0.000001 0.002194
97.0 0.909122 0.000031 0.005673 0.014181 0.000573 0.000235 0.022729 0.009915 0.000507 0.000046 0.000209 0.034522 0.000058 0.000001 0.002199
98.0 0.909334 0.000027 0.005339 0.014269 0.000569 0.000228 0.022787 0.009906 0.000490 0.000045 0.000177 0.034566 0.000058 0.000001 0.002203
99.0 0.909538 0.000024 0.005010 0.014353 0.000564 0.000222 0.022847 0.009898 0.000473 0.000043 0.000150 0.034611 0.000058 0.000001 0.002207
100.0 0.909735 0.000021 0.004687 0.014433 0.000560 0.000215 0.022906 0.009892 0.000457 0.000042 0.000126 0.034658 0.000058 0.000001 0.002212
101.0 0.909923 0.000018 0.004369 0.014506 0.000554 0.000208 0.022963 0.009891 0.000440 0.000040 0.000105 0.034706 0.000058 0.000001 0.002218
102.0 0.910104 0.000016 0.004059 0.014571 0.000549 0.000202 0.023016 0.009892 0.000423 0.000039 0.000088 0.034758 0.000058 0.000001 0.002224
103.0 0.910279 0.000014 0.003758 0.014627 0.000543 0.000195 0.023065 0.009896 0.000407 0.000038 0.000074 0.034813 0.000058 0.000001 0.002231
104.0 0.910450 0.000013 0.003467 0.014674 0.000537 0.000188 0.023111 0.009900 0.000391 0.000036 0.000063 0.034873 0.000058 0.000001 0.002238
105.0 0.910614 0.000012 0.003187 0.014711 0.000531 0.000181 0.023157 0.009902 0.000375 0.000035 0.000055 0.034936 0.000057 0.000001 0.002245
106.0 0.910771 0.000011 0.002919 0.014737 0.000524 0.000174 0.023203 0.009905 0.000360 0.000033 0.000050 0.035001 0.000057 0.000001 0.002253
107.0 0.910920 0.000011 0.002663 0.014753 0.000517 0.000168 0.023250 0.009910 0.000344 0.000032 0.000047 0.035068 0.000057 0.000001 0.002261
108.0 0.911062 0.000011 0.002417 0.014758 0.000509 0.000161 0.023295 0.009919 0.000328 0.000031 0.000047 0.035136 0.000057 0.000001 0.002268
109.0 0.911194 0.000011 0.002182 0.014754 0.000501 0.000154 0.023338 0.009932 0.000313 0.000029 0.000050 0.035207 0.000056 0.000000 0.002276
110.0 0.911318 0.000011 0.001957 0.014741 0.000493 0.000148 0.023377 0.009950 0.000298 0.000028 0.000056 0.035282 0.000056 0.000000 0.002285
111.0 0.911435 0.000012 0.001742 0.014721 0.000484 0.000141 0.023411 0.009970 0.000283 0.000027 0.000064 0.035361 0.000056 0.000000 0.002294
112.0 0.911547 0.000013 0.001536 0.014695 0.000475 0.000135 0.023438 0.009990 0.000269 0.000025 0.000075 0.035444 0.000056 0.000000 0.002302
113.0 0.911653 0.000014 0.001341 0.014664 0.000466 0.000129 0.023459 0.010011 0.000255 0.000024 0.000090 0.035529 0.000057 0.000000 0.002310
114.0 0.911748 0.000015 0.001156 0.014630 0.000457 0.000123 0.023477 0.010032 0.000241 0.000022 0.000107 0.035615 0.000057 0.000000 0.002319
115.0 0.911829 0.000017 0.000984 0.014595 0.000448 0.000117 0.023494 0.010056 0.000227 0.000021 0.000128 0.035700 0.000057 0.000000 0.002327
116.0 0.911892 0.000019 0.000825 0.014561 0.000438 0.000111 0.023507 0.010084 0.000214 0.000020 0.000152 0.035785 0.000057 0.000000 0.002335
117.0 0.911932 0.000021 0.000679 0.014530 0.000429 0.000106 0.023517 0.010117 0.000201 0.000019 0.000180 0.035870 0.000058 0.000000 0.002342
118.0 0.911948 0.000023 0.000548 0.014503 0.000419 0.000100 0.023523 0.010155 0.000188 0.000018 0.000212 0.035956 0.000058 0.000000 0.002350
119.0 0.911938 0.000025 0.000432 0.014482 0.000409 0.000095 0.023524 0.010195 0.000176 0.000017 0.000248 0.036044 0.000058 0.000000 0.002358
120.0 0.911903 0.000028 0.000332 0.014468 0.000399 0.000090 0.023519 0.010236 0.000164 0.000016 0.000288 0.036134 0.000058 0.000000 0.002366
121.0 0.911841 0.000031 0.000247 0.014463 0.000390 0.000085 0.023508 0.010278 0.000152 0.000015 0.000333 0.036227 0.000059 0.000000 0.002373
122.0 0.911750 0.000034 0.000177 0.014467 0.000381 0.000080 0.023491 0.010321 0.000141 0.000014 0.000382 0.036323 0.000059 0.000000 0.002380
123.0 0.911625 0.000037 0.000123 0.014481 0.000373 0.000076 0.023471 0.010366 0.000130 0.000013 0.000437 0.036424 0.000059 0.000000 0.002386
124.0 0.911463 0.000040 0.000086 0.014506 0.000364 0.000071 0.023448 0.010413 0.000120 0.000013 0.000496 0.036528 0.000059 0.000000 0.002393
125.0 0.911264 0.000042 0.000064 0.014541 0.000356 0.000067 0.023423 0.010466 0.000110 0.000012 0.000560 0.036635 0.000059 0.000000 0.002400
126.0 0.911031 0.000045 0.000060 0.014588 0.000348 0.000063 0.023393 0.010523 0.000100 0.000012 0.000629 0.036744 0.000060 0.000000 0.002406
127.0 0.910764 0.000048 0.000073 0.014644 0.000341 0.000058 0.023360 0.010584 0.000091 0.000011 0.000703 0.036852 0.000060 0.000000 0.002412
128.0 0.910468 0.000050 0.000105 0.014709 0.000333 0.000054 0.023322 0.010647 0.000082 0.000011 0.000783 0.036957 0.000060 0.000000 0.002418
129.0 0.910148 0.000053 0.000154 0.014782 0.000325 0.000051 0.023280 0.010712 0.000073 0.000011 0.000867 0.037059 0.000061 0.000000 0.002425
130.0 0.909806 0.000055 0.000223 0.014861 0.000317 0.000047 0.023233 0.010777 0.000065 0.000010 0.000956 0.037157 0.000061 0.000000 0.002430
131.0 0.909442 0.000057 0.000311 0.014944 0.000309 0.000043 0.023183 0.010842 0.000058 0.000010 0.001050 0.037252 0.000062 0.000000 0.002435
132.0 0.909054 0.000059 0.000418 0.015030 0.000302 0.000040 0.023130 0.010908 0.000051 0.000010 0.001149 0.037345 0.000062 0.000001 0.002440
133.0 0.908641 0.000061 0.000545 0.015118 0.000294 0.000036 0.023076 0.010976 0.000044 0.000009 0.001252 0.037438 0.000063 0.000001 0.002446
134.0 0.908201 0.000062 0.000692 0.015203 0.000287 0.000033 0.023019 0.011049 0.000038 0.000009 0.001358 0.037531 0.000063 0.000001 0.002452
135.0 0.907736 0.000064 0.000859 0.015286 0.000279 0.000030 0.022961 0.011127 0.000032 0.000009 0.001469 0.037627 0.000064 0.000001 0.002458
136.0 0.907244 0.000065 0.001046 0.015364 0.000271 0.000027 0.022903 0.011210 0.000027 0.000009 0.001582 0.037725 0.000064 0.000001 0.002464
137.0 0.906727 0.000066 0.001254 0.015435 0.000263 0.000024 0.022845 0.011296 0.000022 0.000008 0.001698 0.037826 0.000064 0.000001 0.002471
138.0 0.906187 0.000066 0.001483 0.015498 0.000256 0.000021 0.022787 0.011383 0.000018 0.000008 0.001817 0.037930 0.000065 0.000001 0.002478
139.0 0.905630 0.000067 0.001735 0.015552 0.000248 0.000019 0.022728 0.011471 0.000014 0.000008 0.001938 0.038039 0.000065 0.000002 0.002484
140.0 0.905055 0.000067 0.002010 0.015596 0.000240 0.000016 0.022667 0.011560 0.000011 0.000007 0.002060 0.038151 0.000066 0.000002 0.002491
141.0 0.904466 0.000068 0.002309 0.015629 0.000233 0.000014 0.022604 0.011650 0.000008 0.000007 0.002183 0.038263 0.000066 0.000002 0.002498
142.0 0.903863 0.000069 0.002632 0.015651 0.000225 0.000012 0.022540 0.011742 0.000005 0.000007 0.002307 0.038372 0.000067 0.000002 0.002507
143.0 0.903247 0.000070 0.002979 0.015662 0.000217 0.000010 0.022474 0.011839 0.000003 0.000006 0.002430 0.038475 0.000068 0.000002 0.002516
144.0 0.902619 0.000072 0.003352 0.015662 0.000208 0.000008 0.022409 0.011941 0.000002 0.000006 0.002552 0.038572 0.000069 0.000002 0.002524
145.0 0.901976 0.000074 0.003750 0.015652 0.000200 0.000007 0.022347 0.012046 0.000001 0.000006 0.002674 0.038660 0.000070 0.000003 0.002534
146.0 0.901316 0.000077 0.004173 0.015633 0.000192 0.000005 0.022289 0.012154 0.000000 0.000005 0.002794 0.038743 0.000071 0.000003 0.002544
147.0 0.900640 0.000080 0.004622 0.015606 0.000183 0.000004 0.022232 0.012264 0.000000 0.000005 0.002912 0.038821 0.000072 0.000003 0.002554
148.0 0.899948 0.000084 0.005096 0.015573 0.000174 0.000003 0.022176 0.012373 0.000000 0.000005 0.003028 0.038899 0.000073 0.000004 0.002564
149.0 0.899236 0.000089 0.005595 0.015535 0.000166 0.000002 0.022119 0.012482 0.000001 0.000004 0.003140 0.038978 0.000074 0.000004 0.002575
150.0 0.898502 0.000094 0.006119 0.015492 0.000157 0.000002 0.022062 0.012592 0.000003 0.000004 0.003250 0.039057 0.000076 0.000004 0.002588
151.0 0.897743 0.000101 0.006669 0.015448 0.000149 0.000001 0.022003 0.012704 0.000004 0.000004 0.003355 0.039138 0.000077 0.000004 0.002601
152.0 0.896957 0.000108 0.007243 0.015402 0.000141 0.000001 0.021944 0.012821 0.000007 0.000003 0.003457 0.039218 0.000078 0.000005 0.002615
153.0 0.896140 0.000116 0.007843 0.015359 0.000134 0.000000 0.021885 0.012942 0.000009 0.000003 0.003555 0.039299 0.000080 0.000005 0.002629
154.0 0.895289 0.000125 0.008470 0.015318 0.000127 0.000000 0.021829 0.013068 0.000013 0.000003 0.003648 0.039379 0.000082 0.000005 0.002644
155.0 0.894402 0.000135 0.009124 0.015281 0.000121 0.000000 0.021776 0.013197 0.000016 0.000002 0.003738 0.039458 0.000084 0.000006 0.002659
156.0 0.893481 0.000146 0.009806 0.015251 0.000114 0.000000 0.021725 0.013328 0.000020 0.000002 0.003823 0.039537 0.000086 0.000006 0.002675
157.0 0.892529 0.000157 0.010516 0.015227 0.000108 0.000001 0.021673 0.013459 0.000025 0.000002 0.003905 0.039613 0.000088 0.000006 0.002690
158.0 0.891547 0.000169 0.011257 0.015211 0.000102 0.000001 0.021619 0.013591 0.000030 0.000002 0.003984 0.039685 0.000090 0.000007 0.002706
159.0 0.890535 0.000182 0.012027 0.015203 0.000096 0.000002 0.021563 0.013724 0.000036 0.000002 0.004059 0.039749 0.000092 0.000007 0.002723
160.0 0.889497 0.000194 0.012828 0.015202 0.000090 0.000003 0.021503 0.013860 0.000042 0.000002 0.004132 0.039804 0.000094 0.000007 0.002741
161.0 0.888433 0.000207 0.013658 0.015210 0.000085 0.000004 0.021440 0.013998 0.000048 0.000001 0.004203 0.039850 0.000096 0.000008 0.002758
162.0 0.887341 0.000220 0.014520 0.015224 0.000080 0.000005 0.021372 0.014141 0.000055 0.000001 0.004272 0.039887 0.000098 0.000008 0.002775
163.0 0.886217 0.000233 0.015411 0.015246 0.000075 0.000007 0.021303 0.014286 0.000062 0.000001 0.004340 0.039917 0.000101 0.000009 0.002792
164.0 0.885060 0.000246 0.016334 0.015274 0.000071 0.000008 0.021231 0.014435 0.000069 0.000001 0.004407 0.039942 0.000103 0.000009 0.002809
165.0 0.883871 0.000257 0.017286 0.015308 0.000066 0.000010 0.021156 0.014587 0.000077 0.000001 0.004474 0.039965 0.000105 0.000010 0.002826
166.0 0.882647 0.000269 0.018269 0.015346 0.000062 0.000012 0.021077 0.014743 0.000085 0.000001 0.004542 0.039987 0.000108 0.000010 0.002842
167.0 0.881388 0.000279 0.019283 0.015387 0.000058 0.000014 0.020995 0.014902 0.000094 0.000001 0.004611 0.040009 0.000109 0.000010 0.002859
168.0 0.880092 0.000288 0.020328 0.015430 0.000054 0.000017 0.020910 0.015065 0.000103 0.000001 0.004682 0.040032 0.000111 0.000011 0.002876
169.0 0.878763 0.000296 0.021403 0.015474 0.000050 0.000020 0.020821 0.015234 0.000113 0.000001 0.004755 0.040055 0.000112 0.000011 0.002893
170.0 0.877401 0.000303 0.022509 0.015518 0.000047 0.000023 0.020727 0.015408 0.000122 0.000001 0.004830 0.040078 0.000114 0.000012 0.002909
171.0 0.876007 0.000308 0.023648 0.015561 0.000044 0.000026 0.020628 0.015587 0.000132 0.000001 0.004908 0.040101 0.000115 0.000012 0.002924
172.0 0.874581 0.000312 0.024818 0.015602 0.000041 0.000029 0.020524 0.015772 0.000141 0.000001 0.004989 0.040122 0.000116 0.000013 0.002939
173.0 0.873124 0.000315 0.026023 0.015641 0.000038 0.000033 0.020415 0.015961 0.000151 0.000001 0.005072 0.040142 0.000116 0.000013 0.002954
174.0 0.871640 0.000316 0.027261 0.015677 0.000035 0.000036 0.020300 0.016156 0.000160 0.000001 0.005159 0.040159 0.000117 0.000014 0.002968
175.0 0.870128 0.000316 0.028534 0.015710 0.000033 0.000040 0.020180 0.016355 0.000170 0.000001 0.005248 0.040171 0.000117 0.000014 0.002982
176.0 0.868587 0.000315 0.029842 0.015740 0.000030 0.000044 0.020058 0.016558 0.000180 0.000001 0.005341 0.040176 0.000117 0.000014 0.002996
177.0 0.867016 0.000313 0.031187 0.015768 0.000028 0.000049 0.019933 0.016766 0.000190 0.000001 0.005435 0.040173 0.000116 0.000014 0.003010
178.0 0.865416 0.000309 0.032567 0.015792 0.000026 0.000053 0.019808 0.016979 0.000201 0.000001 0.005532 0.040162 0.000115 0.000015 0.003024
179.0 0.863786 0.000304 0.033982 0.015815 0.000023 0.000058 0.019682 0.017196 0.000212 0.000001 0.005630 0.040143 0.000114 0.000016 0.003036
180.0 0.862127 0.000299 0.035432 0.015837 0.000021 0.000063 0.019556 0.017418 0.000222 0.000001 0.005729 0.040117 0.000113 0.000016 0.003048
181.0 0.860436 0.000293 0.036915 0.015858 0.000019 0.000069 0.019429 0.017644 0.000233 0.000001 0.005827 0.040087 0.000112 0.000017 0.003061
182.0 0.858715 0.000287 0.038430 0.015879 0.000017 0.000074 0.019301 0.017875 0.000243 0.000001 0.005924 0.040053 0.000110 0.000017 0.003074
183.0 0.856966 0.000280 0.039976 0.015900 0.000015 0.000080 0.019171 0.018109 0.000254 0.000001 0.006019 0.040015 0.000109 0.000017 0.003087
184.0 0.855189 0.000274 0.041552 0.015921 0.000014 0.000086 0.019039 0.018348 0.000264 0.000001 0.006112 0.039976 0.000107 0.000017 0.003100
185.0 0.853381 0.000268 0.043155 0.015944 0.000012 0.000092 0.018908 0.018591 0.000275 0.000001 0.006200 0.039934 0.000106 0.000018 0.003115
186.0 0.851543 0.000262 0.044787 0.015969 0.000011 0.000099 0.018779 0.018837 0.000286 0.000001 0.006285 0.039889 0.000104 0.000018 0.003130
187.0 0.849674 0.000257 0.046445 0.015995 0.000010 0.000106 0.018654 0.019088 0.000297 0.000001 0.006364 0.039843 0.000102 0.000019 0.003146
188.0 0.847776 0.000253 0.048130 0.016025 0.000009 0.000113 0.018532 0.019341 0.000308 0.000001 0.006437 0.039796 0.000100 0.000019 0.003162
189.0 0.845846 0.000249 0.049840 0.016057 0.000008 0.000121 0.018414 0.019598 0.000320 0.000001 0.006503 0.039747 0.000099 0.000020 0.003178
190.0 0.843887 0.000245 0.051578 0.016091 0.000007 0.000129 0.018302 0.019858 0.000332 0.000001 0.006562 0.039696 0.000097 0.000020 0.003195
191.0 0.841900 0.000243 0.053341 0.016128 0.000006 0.000137 0.018194 0.020121 0.000344 0.000001 0.006614 0.039641 0.000096 0.000020 0.003213
192.0 0.839891 0.000241 0.055132 0.016167 0.000006 0.000146 0.018086 0.020388 0.000356 0.000001 0.006658 0.039583 0.000094 0.000021 0.003231
193.0 0.837862 0.000240 0.056949 0.016206 0.000005 0.000155 0.017978 0.020659 0.000369 0.000001 0.006694 0.039517 0.000093 0.000021 0.003250
194.0 0.835813 0.000239 0.058795 0.016245 0.000004 0.000164 0.017872 0.020934 0.000382 0.000001 0.006723 0.039444 0.000092 0.000021 0.003271
195.0 0.833745 0.000239 0.060671 0.016283 0.000004 0.000174 0.017765 0.021213 0.000395 0.000001 0.006744 0.039361 0.000091 0.000021 0.003294
196.0 0.831661 0.000239 0.062577 0.016318 0.000003 0.000184 0.017659 0.021495 0.000408 0.000001 0.006758 0.039269 0.000090 0.000022 0.003316
197.0 0.829560 0.000238 0.064514 0.016351 0.000003 0.000195 0.017552 0.021780 0.000421 0.000001 0.006765 0.039170 0.000088 0.000022 0.003338
198.0 0.827439 0.000237 0.066484 0.016381 0.000002 0.000206 0.017446 0.022068 0.000434 0.000001 0.006766 0.039064 0.000087 0.000022 0.003361
199.0 0.825298 0.000236 0.068486 0.016406 0.000002 0.000217 0.017341 0.022357 0.000447 0.000001 0.006762 0.038953 0.000086 0.000023 0.003385
200.0 0.823137 0.000233 0.070520 0.016427 0.000002 0.000228 0.017235 0.022649 0.000460 0.000002 0.006753 0.038838 0.000084 0.000023 0.003408
