# Time Pop_0 Pop_1 Pop_2 Pop_3 Pop_4 Pop_5 Pop_6 Pop_7 Pop_8 Pop_9 Pop_10 Pop_11 Pop_12 Pop_13 Pop_14
0.0 0.904844 0.005029 0.028036 0.007666 0.000274 0.000533 0.013667 0.004797 0.000893 0.000201 0.003460 0.029430 0.000038 0.000004 0.001127
1.0 0.904844 0.005029 0.028036 0.007666 0.000274 0.000533 0.013666 0.004798 0.000893 0.000201 0.003460 0.029430 0.000038 0.000004 0.001127
2.0 0.904840 0.005030 0.028036 0.007666 0.000274 0.000533 0.013664 0.004804 0.000893 0.000201 0.003460 0.029430 0.000038 0.000004 0.001127
3.0 0.904826 0.005030 0.028033 0.007666 0.000275 0.000533 0.013655 0.004824 0.000892 0.000201 0.003461 0.029431 0.000038 0.000004 0.001130
4.0 0.904799 0.005032 0.028029 0.007666 0.000276 0.000533 0.013635 0.004864 0.000891 0.000202 0.003463 0.029435 0.000038 0.000004 0.001134
5.0 0.904754 0.005034 0.028025 0.007668 0.000277 0.000534 0.013602 0.004924 0.000888 0.000202 0.003466 0.029444 0.000038 0.000004 0.001138
6.0 0.904691 0.005037 0.028025 0.007672 0.000279 0.000534 0.013558 0.004995 0.000885 0.000203 0.003471 0.029465 0.000038 0.000004 0.001144
7.0 0.904606 0.005038 0.028031 0.007679 0.000282 0.000536 0.013507 0.005069 0.000882 0.000204 0.003476 0.029497 0.000038 0.000004 0.001151
8.0 0.904497 0.005038 0.028044 0.007692 0.000285 0.000538 0.013453 0.005145 0.000879 0.000205 0.003481 0.029542 0.000038 0.000004 0.001158
9.0 0.904359 0.005036 0.028061 0.007712 0.000288 0.000540 0.013399 0.005230 0.000876 0.000207 0.003487 0.029596 0.000038 0.000004 0.001167
10.0 0.904190 0.005031 0.028081 0.007741 0.000293 0.000542 0.013344 0.005333 0.000873 0.000208 0.003493 0.029653 0.000038 0.000004 0.001176
11.0 0.903993 0.005023 0.028102 0.007780 0.000298 0.000545 0.013286 0.005458 0.000868 0.000210 0.003501 0.029709 0.000038 0.000004 0.001186
12.0 0.903777 0.005013 0.028122 0.007832 0.000303 0.000548 0.013219 0.005601 0.000863 0.000212 0.003510 0.029760 0.000038 0.000004 0.001198
13.0 0.903552 0.004999 0.028143 0.007898 0.000310 0.000551 0.013143 0.005753 0.000857 0.000215 0.003520 0.029806 0.000038 0.000004 0.001210
14.0 0.903323 0.004981 0.028164 0.007980 0.000317 0.000556 0.013057 0.005908 0.000852 0.000218 0.003532 0.029847 0.000038 0.000004 0.001223
15.0 0.903088 0.004958 0.028183 0.008081 0.000325 0.000562 0.012965 0.006065 0.000847 0.000221 0.003545 0.029881 0.000038 0.000004 0.001236
16.0 0.902834 0.004932 0.028196 0.008201 0.000335 0.000570 0.012871 0.006233 0.000843 0.000225 0.003559 0.029908 0.000038 0.000004 0.001251
17.0 0.902553 0.004901 0.028202 0.008344 0.000345 0.000578 0.012778 0.006422 0.000838 0.000230 0.003575 0.029927 0.000037 0.000004 0.001267
18.0 0.902236 0.004864 0.028199 0.008510 0.000358 0.000587 0.012687 0.006634 0.000833 0.000235 0.003595 0.029940 0.000036 0.000004 0.001283
19.0 0.901883 0.004823 0.028190 0.008701 0.000371 0.000597 0.012596 0.006863 0.000827 0.000241 0.003617 0.029950 0.000035 0.000004 0.001300
20.0 0.901499 0.004775 0.028180 0.008919 0.000387 0.000609 0.012503 0.007100 0.000822 0.000247 0.003644 0.029959 0.000034 0.000004 0.001318
21.0 0.901085 0.004720 0.028171 0.009166 0.000404 0.000622 0.012406 0.007339 0.000818 0.000254 0.003676 0.029966 0.000033 0.000004 0.001337
22.0 0.900637 0.004658 0.028167 0.009443 0.000422 0.000637 0.012304 0.007581 0.000815 0.000262 0.003714 0.029968 0.000032 0.000004 0.001357
23.0 0.900148 0.004590 0.028167 0.009751 0.000442 0.000653 0.012200 0.007837 0.000812 0.000271 0.003759 0.029958 0.000031 0.000004 0.001377
24.0 0.899609 0.004515 0.028170 0.010091 0.000464 0.000670 0.012098 0.008116 0.000809 0.000281 0.003813 0.029931 0.000030 0.000004 0.001399
25.0 0.899016 0.004434 0.028174 0.010465 0.000489 0.000689 0.012001 0.008418 0.000806 0.000291 0.003878 0.029884 0.000028 0.000004 0.001423
26.0 0.898375 0.004346 0.028177 0.010874 0.000517 0.000709 0.011912 0.008734 0.000804 0.000303 0.003954 0.029817 0.000027 0.000004 0.001447
27.0 0.897693 0.004253 0.028176 0.011320 0.000547 0.000731 0.011831 0.009053 0.000802 0.000316 0.004043 0.029732 0.000025 0.000004 0.001472
28.0 0.896974 0.004155 0.028169 0.011805 0.000579 0.000754 0.011755 0.009369 0.000803 0.000330 0.004148 0.029632 0.000023 0.000005 0.001498
29.0 0.896217 0.004053 0.028151 0.012328 0.000613 0.000780 0.011682 0.009688 0.000805 0.000345 0.004271 0.029514 0.000022 0.000005 0.001526
30.0 0.895413 0.003948 0.028120 0.012893 0.000650 0.000808 0.011609 0.010019 0.000808 0.000362 0.004415 0.029375 0.000020 0.000005 0.001556
31.0 0.894553 0.003840 0.028075 0.013499 0.000689 0.000837 0.011539 0.010371 0.000811 0.000380 0.004583 0.029213 0.000018 0.000006 0.001587
32.0 0.893626 0.003730 0.028018 0.014150 0.000732 0.000868 0.011474 0.010742 0.000815 0.000399 0.004778 0.029026 0.000015 0.000006 0.001620
33.0 0.892628 0.003618 0.027955 0.014846 0.000778 0.000901 0.011418 0.011120 0.000820 0.000421 0.005004 0.028816 0.000013 0.000006 0.001655
34.0 0.891553 0.003504 0.027890 0.015591 0.000828 0.000936 0.011376 0.011493 0.000827 0.000444 0.005263 0.028584 0.000011 0.000007 0.001692
35.0 0.890394 0.003389 0.027828 0.016386 0.000881 0.000973 0.011348 0.011858 0.000837 0.000468 0.005560 0.028329 0.000009 0.000008 0.001732
36.0 0.889139 0.003273 0.027769 0.017236 0.000938 0.001012 0.011333 0.012222 0.000849 0.000494 0.005897 0.028049 0.000007 0.000009 0.001773
37.0 0.887775 0.003158 0.027712 0.018141 0.000998 0.001053 0.011330 0.012596 0.000862 0.000523 0.006279 0.027740 0.000005 0.000010 0.001818
38.0 0.886293 0.003043 0.027654 0.019106 0.001062 0.001097 0.011335 0.012985 0.000876 0.000553 0.006712 0.027403 0.000004 0.000011 0.001866
39.0 0.884689 0.002929 0.027593 0.020135 0.001131 0.001142 0.011348 0.013386 0.000891 0.000587 0.007197 0.027041 0.000003 0.000012 0.001917
40.0 0.882964 0.002818 0.027526 0.021232 0.001203 0.001190 0.011370 0.013785 0.000907 0.000623 0.007740 0.026659 0.000002 0.000013 0.001970
41.0 0.881117 0.002710 0.027451 0.022400 0.001279 0.001240 0.011405 0.014169 0.000926 0.000661 0.008341 0.026257 0.000001 0.000015 0.002027
42.0 0.879141 0.002606 0.027367 0.023645 0.001359 0.001294 0.011455 0.014537 0.000949 0.000702 0.009003 0.025836 0.000000 0.000017 0.002088
43.0 0.877026 0.002506 0.027272 0.024972 0.001445 0.001351 0.011523 0.014898 0.000973 0.000745 0.009728 0.025390 0.000000 0.000019 0.002153
44.0 0.874757 0.002411 0.027164 0.026384 0.001535 0.001412 0.011609 0.015262 0.001000 0.000792 0.010517 0.024913 0.000000 0.000022 0.002222
45.0 0.872327 0.002321 0.027046 0.027888 0.001629 0.001476 0.011711 0.015635 0.001028 0.000844 0.011371 0.024406 0.000001 0.000025 0.002294
46.0 0.869734 0.002236 0.026920 0.029489 0.001728 0.001543 0.011827 0.016009 0.001057 0.000899 0.012290 0.023870 0.000001 0.000028 0.002369
47.0 0.866979 0.002156 0.026789 0.031192 0.001831 0.001613 0.011956 0.016372 0.001088 0.000958 0.013272 0.023312 0.000003 0.000032 0.002450
48.0 0.864062 0.002080 0.026656 0.033003 0.001937 0.001687 0.012097 0.016712 0.001122 0.001020 0.014311 0.022737 0.000004 0.000036 0.002535
49.0 0.860976 0.002009 0.026524 0.034927 0.002047 0.001764 0.012251 0.017031 0.001158 0.001086 0.015405 0.022149 0.000006 0.000042 0.002624
50.0 0.857708 0.001943 0.026393 0.036969 0.002161 0.001846 0.012421 0.017339 0.001195 0.001156 0.016547 0.021548 0.000007 0.000048 0.002717
51.0 0.854248 0.001881 0.026263 0.039131 0.002281 0.001931 0.012609 0.017649 0.001234 0.001231 0.017730 0.020934 0.000009 0.000055 0.002814
52.0 0.850591 0.001824 0.026133 0.041416 0.002405 0.002020 0.012817 0.017965 0.001273 0.001312 0.018946 0.020309 0.000011 0.000062 0.002915
53.0 0.846748 0.001771 0.026002 0.043828 0.002534 0.002113 0.013047 0.018281 0.001313 0.001399 0.020184 0.019676 0.000013 0.000070 0.003020
54.0 0.842737 0.001723 0.025870 0.046369 0.002665 0.002212 0.013296 0.018586 0.001353 0.001491 0.021432 0.019040 0.000016 0.000080 0.003129
55.0 0.838582 0.001678 0.025737 0.049040 0.002800 0.002315 0.013565 0.018871 0.001396 0.001587 0.022677 0.018404 0.000018 0.000091 0.003240
56.0 0.834299 0.001638 0.025600 0.051843 0.002936 0.002424 0.013849 0.019134 0.001439 0.001687 0.023905 0.017765 0.000020 0.000105 0.003355
57.0 0.829904 0.001601 0.025459 0.054777 0.003074 0.002536 0.014147 0.019388 0.001484 0.001791 0.025103 0.017122 0.000022 0.000119 0.003473
58.0 0.825405 0.001567 0.025312 0.057839 0.003214 0.002651 0.014457 0.019642 0.001528 0.001902 0.026259 0.016471 0.000024 0.000135 0.003594
59.0 0.820815 0.001536 0.025162 0.061024 0.003356 0.002769 0.014782 0.019903 0.001570 0.002019 0.027360 0.015813 0.000026 0.000152 0.003715
60.0 0.816145 0.001507 0.025009 0.064328 0.003498 0.002889 0.015123 0.020166 0.001611 0.002142 0.028396 0.015153 0.000027 0.000170 0.003836
61.0 0.811412 0.001480 0.024856 0.067743 0.003639 0.003013 0.015483 0.020423 0.001650 0.002268 0.029355 0.014498 0.000029 0.000192 0.003959
62.0 0.806627 0.001454 0.024705 0.071263 0.003779 0.003140 0.015866 0.020665 0.001689 0.002398 0.030227 0.013854 0.000030 0.000218 0.004085
63.0 0.801802 0.001429 0.024559 0.074876 0.003919 0.003271 0.016270 0.020894 0.001730 0.002531 0.031008 0.013224 0.000031 0.000246 0.004211
64.0 0.796944 0.001404 0.024418 0.078573 0.004057 0.003406 0.016696 0.021118 0.001770 0.002666 0.031695 0.012607 0.000032 0.000276 0.004337
65.0 0.792061 0.001380 0.024281 0.082339 0.004196 0.003542 0.017140 0.021349 0.001810 0.002806 0.032290 0.012003 0.000032 0.000308 0.004463
66.0 0.787162 0.001356 0.024149 0.086162 0.004334 0.003678 0.017598 0.021592 0.001847 0.002950 0.032798 0.011411 0.000033 0.000341 0.004589
67.0 0.782264 0.001331 0.024020 0.090028 0.004469 0.003814 0.018069 0.021844 0.001882 0.003098 0.033225 0.010830 0.000033 0.000378 0.004716
68.0 0.777384 0.001304 0.023892 0.093921 0.004601 0.003949 0.018552 0.022096 0.001916 0.003246 0.033581 0.010262 0.000034 0.000418 0.004843
69.0 0.772536 0.001277 0.023765 0.097829 0.004728 0.004082 0.019048 0.022337 0.001950 0.003393 0.033880 0.009707 0.000034 0.000464 0.004970
70.0 0.767725 0.001247 0.023634 0.101736 0.004849 0.004214 0.019557 0.022565 0.001986 0.003539 0.034139 0.009164 0.000034 0.000514 0.005097
71.0 0.762950 0.001216 0.023498 0.105627 0.004963 0.004345 0.020082 0.022781 0.002024 0.003682 0.034375 0.008631 0.000035 0.000566 0.005225
72.0 0.758198 0.001184 0.023354 0.109487 0.005073 0.004472 0.020621 0.022995 0.002063 0.003825 0.034612 0.008107 0.000035 0.000621 0.005354
73.0 0.753460 0.001149 0.023198 0.113300 0.005177 0.004594 0.021173 0.023215 0.002104 0.003966 0.034871 0.007594 0.000037 0.000676 0.005486
74.0 0.748726 0.001113 0.023031 0.117052 0.005275 0.004711 0.021736 0.023441 0.002145 0.004105 0.035178 0.007095 0.000038 0.000735 0.005619
75.0 0.743992 0.001076 0.022853 0.120726 0.005367 0.004820 0.022307 0.023671 0.002188 0.004239 0.035552 0.006613 0.000041 0.000798 0.005755
76.0 0.739255 0.001038 0.022668 0.124311 0.005452 0.004923 0.022885 0.023893 0.002234 0.004368 0.036016 0.006151 0.000044 0.000867 0.005895
77.0 0.734510 0.001000 0.022477 0.127796 0.005531 0.005020 0.023467 0.024102 0.002284 0.004490 0.036587 0.005708 0.000048 0.000941 0.006039
78.0 0.729754 0.000962 0.022285 0.131170 0.005604 0.005109 0.024055 0.024297 0.002341 0.004605 0.037281 0.005282 0.000052 0.001017 0.006188
79.0 0.724979 0.000925 0.022093 0.134426 0.005673 0.005191 0.024646 0.024481 0.002403 0.004712 0.038108 0.004872 0.000057 0.001093 0.006341
80.0 0.720181 0.000891 0.021902 0.137555 0.005736 0.005264 0.025241 0.024664 0.002470 0.004813 0.039078 0.004475 0.000064 0.001169 0.006499
81.0 0.715359 0.000861 0.021709 0.140552 0.005791 0.005327 0.025841 0.024851 0.002541 0.004905 0.040192 0.004093 0.000071 0.001247 0.006661
82.0 0.710521 0.000838 0.021514 0.143408 0.005837 0.005378 0.026447 0.025044 0.002615 0.004988 0.041447 0.003726 0.000079 0.001328 0.006829
83.0 0.705678 0.000823 0.021312 0.146118 0.005874 0.005419 0.027060 0.025238 0.002693 0.005062 0.042835 0.003378 0.000090 0.001415 0.007005
84.0 0.700849 0.000820 0.021103 0.148676 0.005905 0.005448 0.027684 0.025428 0.002777 0.005127 0.044340 0.003048 0.000102 0.001507 0.007186
85.0 0.696055 0.000831 0.020885 0.151080 0.005931 0.005468 0.028318 0.025612 0.002868 0.005183 0.045944 0.002736 0.000116 0.001600 0.007372
86.0 0.691316 0.000861 0.020660 0.153328 0.005956 0.005479 0.028961 0.025792 0.002967 0.005230 0.047622 0.002443 0.000133 0.001692 0.007560
87.0 0.686655 0.000912 0.020433 0.155418 0.005979 0.005480 0.029611 0.025974 0.003073 0.005266 0.049349 0.002167 0.000153 0.001782 0.007748
88.0 0.682093 0.000988 0.020206 0.157345 0.005998 0.005473 0.030264 0.026166 0.003183 0.005291 0.051097 0.001908 0.000176 0.001871 0.007940
89.0 0.677650 0.001095 0.019986 0.159107 0.006010 0.005455 0.030919 0.026373 0.003297 0.005306 0.052834 0.001668 0.000203 0.001962 0.008134
90.0 0.673345 0.001237 0.019776 0.160701 0.006016 0.005427 0.031579 0.026598 0.003414 0.005312 0.054531 0.001444 0.000232 0.002057 0.008332
91.0 0.669195 0.001418 0.019577 0.162125 0.006016 0.005388 0.032249 0.026840 0.003534 0.005310 0.056156 0.001238 0.000265 0.002156 0.008531
92.0 0.665216 0.001644 0.019392 0.163381 0.006015 0.005340 0.032935 0.027098 0.003660 0.005301 0.057684 0.001049 0.000301 0.002256 0.008728
93.0 0.661416 0.001921 0.019218 0.164474 0.006016 0.005284 0.033642 0.027372 0.003792 0.005286 0.059089 0.000876 0.000340 0.002355 0.008920
94.0 0.657804 0.002254 0.019057 0.165409 0.006019 0.005221 0.034373 0.027662 0.003930 0.005263 0.060351 0.000719 0.000382 0.002449 0.009109
95.0 0.654382 0.002648 0.018906 0.166189 0.006022 0.005154 0.035126 0.027973 0.004070 0.005230 0.061457 0.000580 0.000428 0.002541 0.009294
96.0 0.651152 0.003111 0.018766 0.166815 0.006024 0.005083 0.035897 0.028308 0.004211 0.005187 0.062400 0.000457 0.000478 0.002633 0.009477
97.0 0.648110 0.003646 0.018637 0.167288 0.006023 0.005005 0.036681 0.028672 0.004353 0.005136 0.063179 0.000351 0.000532 0.002727 0.009659
98.0 0.645241 0.004262 0.018519 0.167609 0.006019 0.004921 0.037473 0.029063 0.004497 0.005079 0.063803 0.000260 0.000592 0.002824 0.009838
99.0 0.642528 0.004965 0.018411 0.167782 0.006016 0.004830 0.038269 0.029477 0.004646 0.005019 0.064283 0.000183 0.000657 0.002920 0.010013
100.0 0.639940 0.005763 0.018313 0.167814 0.006016 0.004733 0.039067 0.029912 0.004803 0.004958 0.064642 0.000120 0.000726 0.003013 0.010181
101.0 0.637442 0.006663 0.018222 0.167716 0.006018 0.004630 0.039863 0.030362 0.004971 0.004894 0.064903 0.000070 0.000800 0.003104 0.010342
102.0 0.634992 0.007675 0.018138 0.167498 0.006020 0.004524 0.040653 0.030826 0.005148 0.004823 0.065100 0.000035 0.000880 0.003191 0.010497
103.0 0.632544 0.008807 0.018059 0.167170 0.006019 0.004415 0.041434 0.031301 0.005333 0.004744 0.065266 0.000013 0.000965 0.003278 0.010651
104.0 0.630046 0.010071 0.017985 0.166742 0.006013 0.004302 0.042200 0.031787 0.005525 0.004657 0.065439 0.000006 0.001056 0.003365 0.010807
105.0 0.627446 0.011475 0.017917 0.166220 0.006003 0.004185 0.042950 0.032281 0.005722 0.004565 0.065656 0.000013 0.001153 0.003450 0.010965
106.0 0.624690 0.013030 0.017853 0.165611 0.005994 0.004063 0.043681 0.032782 0.005928 0.004470 0.065955 0.000032 0.001256 0.003531 0.011123
107.0 0.621728 0.014747 0.017795 0.164920 0.005986 0.003938 0.044388 0.033291 0.006146 0.004376 0.066368 0.000065 0.001365 0.003608 0.011278
108.0 0.618516 0.016639 0.017743 0.164149 0.005982 0.003810 0.045069 0.033805 0.006380 0.004280 0.066925 0.000111 0.001479 0.003681 0.011429
109.0 0.615022 0.018719 0.017698 0.163302 0.005979 0.003683 0.045716 0.034321 0.006633 0.004184 0.067645 0.000171 0.001601 0.003752 0.011577
110.0 0.611222 0.020999 0.017662 0.162378 0.005972 0.003557 0.046321 0.034835 0.006904 0.004084 0.068542 0.000243 0.001731 0.003822 0.011728
111.0 0.607103 0.023492 0.017636 0.161380 0.005960 0.003434 0.046879 0.035344 0.007192 0.003980 0.069623 0.000328 0.001870 0.003893 0.011885
112.0 0.602662 0.026212 0.017622 0.160307 0.005942 0.003315 0.047384 0.035848 0.007498 0.003874 0.070883 0.000425 0.002019 0.003961 0.012047
113.0 0.597900 0.029172 0.017619 0.159159 0.005921 0.003199 0.047834 0.036347 0.007823 0.003767 0.072315 0.000534 0.002180 0.004023 0.012209
114.0 0.592827 0.032384 0.017625 0.157934 0.005901 0.003085 0.048230 0.036842 0.008168 0.003660 0.073898 0.000653 0.002351 0.004076 0.012366
115.0 0.587454 0.035865 0.017640 0.156628 0.005883 0.002976 0.048576 0.037331 0.008537 0.003553 0.075605 0.000783 0.002533 0.004121 0.012516
116.0 0.581802 0.039626 0.017664 0.155233 0.005868 0.002872 0.048878 0.037812 0.008932 0.003446 0.077398 0.000924 0.002725 0.004160 0.012660
117.0 0.575896 0.043681 0.017696 0.153741 0.005852 0.002775 0.049140 0.038287 0.009354 0.003338 0.079239 0.001074 0.002927 0.004198 0.012801
118.0 0.569772 0.048039 0.017742 0.152140 0.005835 0.002689 0.049364 0.038760 0.009800 0.003230 0.081081 0.001232 0.003140 0.004235 0.012940
119.0 0.563466 0.052710 0.017806 0.150421 0.005817 0.002615 0.049549 0.039236 0.010269 0.003122 0.082884 0.001400 0.003362 0.004269 0.013073
120.0 0.557019 0.057700 0.017895 0.148574 0.005798 0.002554 0.049698 0.039722 0.010756 0.003018 0.084603 0.001576 0.003593 0.004297 0.013197
121.0 0.550467 0.063015 0.018012 0.146592 0.005782 0.002509 0.049811 0.040222 0.011260 0.002918 0.086197 0.001761 0.003832 0.004315 0.013307
122.0 0.543842 0.068656 0.018161 0.144468 0.005771 0.002482 0.049896 0.040736 0.011784 0.002824 0.087628 0.001953 0.004076 0.004321 0.013403
123.0 0.537168 0.074627 0.018342 0.142198 0.005766 0.002473 0.049960 0.041261 0.012329 0.002737 0.088860 0.002153 0.004323 0.004319 0.013486
124.0 0.530466 0.080924 0.018555 0.139782 0.005767 0.002485 0.050010 0.041797 0.012897 0.002655 0.089865 0.002357 0.004571 0.004313 0.013556
125.0 0.523752 0.087543 0.018800 0.137218 0.005775 0.002519 0.050051 0.042346 0.013487 0.002579 0.090623 0.002566 0.004821 0.004306 0.013613
126.0 0.517036 0.094477 0.019078 0.134512 0.005790 0.002577 0.050086 0.042910 0.014099 0.002509 0.091124 0.002776 0.005070 0.004298 0.013658
127.0 0.510323 0.101715 0.019392 0.131669 0.005814 0.002659 0.050115 0.043490 0.014727 0.002448 0.091367 0.002989 0.005320 0.004283 0.013689
128.0 0.503610 0.109247 0.019743 0.128698 0.005848 0.002767 0.050135 0.044089 0.015369 0.002398 0.091360 0.003204 0.005570 0.004259 0.013703
129.0 0.496888 0.117060 0.020131 0.125608 0.005891 0.002901 0.050146 0.044706 0.016023 0.002361 0.091120 0.003421 0.005820 0.004223 0.013701
130.0 0.490138 0.125140 0.020555 0.122411 0.005942 0.003060 0.050146 0.045338 0.016690 0.002338 0.090668 0.003642 0.006068 0.004178 0.013683
131.0 0.483330 0.133474 0.021014 0.119120 0.006001 0.003247 0.050138 0.045979 0.017374 0.002330 0.090033 0.003866 0.006313 0.004126 0.013654
132.0 0.476432 0.142045 0.021506 0.115749 0.006068 0.003463 0.050122 0.046623 0.018077 0.002337 0.089245 0.004092 0.006551 0.004073 0.013617
133.0 0.469407 0.150834 0.022029 0.112316 0.006147 0.003708 0.050100 0.047266 0.018799 0.002361 0.088342 0.004318 0.006782 0.004018 0.013571
134.0 0.462220 0.159820 0.022585 0.108838 0.006239 0.003985 0.050069 0.047911 0.019539 0.002403 0.087365 0.004543 0.007005 0.003962 0.013517
135.0 0.454837 0.168983 0.023177 0.105335 0.006347 0.004292 0.050026 0.048557 0.020292 0.002466 0.086354 0.004763 0.007218 0.003901 0.013450
136.0 0.447225 0.178302 0.023807 0.101827 0.006472 0.004630 0.049970 0.049203 0.021056 0.002554 0.085347 0.004977 0.007422 0.003834 0.013373
137.0 0.439351 0.187758 0.024478 0.098332 0.006612 0.004997 0.049901 0.049842 0.021831 0.002669 0.084378 0.005184 0.007615 0.003760 0.013291
138.0 0.431191 0.197329 0.025189 0.094868 0.006766 0.005393 0.049822 0.050465 0.022618 0.002812 0.083475 0.005382 0.007798 0.003684 0.013209
139.0 0.422726 0.206989 0.025938 0.091447 0.006933 0.005817 0.049733 0.051070 0.023422 0.002984 0.082661 0.005573 0.007969 0.003607 0.013131
140.0 0.413951 0.216710 0.026721 0.088084 0.007115 0.006270 0.049633 0.051656 0.024245 0.003185 0.081959 0.005756 0.008127 0.003532 0.013055
141.0 0.404873 0.226460 0.027534 0.084787 0.007315 0.006753 0.049518 0.052229 0.025087 0.003414 0.081385 0.005932 0.008273 0.003460 0.012980
142.0 0.395509 0.236206 0.028375 0.081564 0.007535 0.007268 0.049386 0.052789 0.025947 0.003672 0.080949 0.006100 0.008406 0.003388 0.012905
143.0 0.385885 0.245914 0.029241 0.078419 0.007777 0.007815 0.049236 0.053338 0.026821 0.003963 0.080656 0.006258 0.008528 0.003317 0.012832
144.0 0.376035 0.255550 0.030131 0.075356 0.008039 0.008392 0.049071 0.053875 0.027705 0.004290 0.080503 0.006405 0.008639 0.003245 0.012765
145.0 0.365995 0.265076 0.031041 0.072376 0.008319 0.008997 0.048897 0.054398 0.028599 0.004656 0.080484 0.006540 0.008741 0.003176 0.012706
146.0 0.355809 0.274455 0.031970 0.069482 0.008615 0.009625 0.048721 0.054906 0.029503 0.005063 0.080586 0.006662 0.008832 0.003113 0.012658
147.0 0.345524 0.283642 0.032915 0.066679 0.008930 0.010274 0.048550 0.055398 0.030416 0.005510 0.080797 0.006773 0.008913 0.003060 0.012620
148.0 0.335195 0.292590 0.033875 0.063969 0.009267 0.010942 0.048387 0.055876 0.031337 0.005995 0.081102 0.006876 0.008982 0.003015 0.012593
149.0 0.324884 0.301249 0.034848 0.061358 0.009630 0.011626 0.048233 0.056348 0.032261 0.006516 0.081488 0.006969 0.009037 0.002979 0.012574
150.0 0.314658 0.309568 0.035834 0.058850 0.010017 0.012326 0.048085 0.056822 0.033181 0.007072 0.081942 0.007055 0.009076 0.002949 0.012564
151.0 0.304581 0.317496 0.036834 0.056447 0.010429 0.013040 0.047944 0.057307 0.034090 0.007664 0.082448 0.007131 0.009098 0.002924 0.012568
152.0 0.294708 0.324986 0.037843 0.054153 0.010861 0.013763 0.047814 0.057806 0.034985 0.008291 0.082995 0.007198 0.009101 0.002904 0.012591
153.0 0.285093 0.331988 0.038857 0.051971 0.011314 0.014489 0.047703 0.058325 0.035864 0.008954 0.083567 0.007259 0.009084 0.002892 0.012640
154.0 0.275780 0.338453 0.039873 0.049907 0.011789 0.015211 0.047616 0.058871 0.036726 0.009649 0.084156 0.007318 0.009047 0.002891 0.012713
155.0 0.266815 0.344334 0.040884 0.047968 0.012288 0.015923 0.047559 0.059456 0.037565 0.010372 0.084756 0.007378 0.008991 0.002902 0.012808
156.0 0.258242 0.349586 0.041888 0.046160 0.012813 0.016619 0.047533 0.060090 0.038375 0.011119 0.085366 0.007445 0.008917 0.002926 0.012923
157.0 0.250100 0.354168 0.042882 0.044494 0.013363 0.017293 0.047538 0.060779 0.039146 0.011885 0.085986 0.007519 0.008827 0.002962 0.013058
158.0 0.242430 0.358045 0.043865 0.042978 0.013934 0.017943 0.047573 0.061527 0.039868 0.012666 0.086616 0.007605 0.008723 0.003007 0.013221
159.0 0.235265 0.361187 0.044833 0.041617 0.014521 0.018564 0.047637 0.062338 0.040537 0.013462 0.087259 0.007701 0.008605 0.003059 0.013416
160.0 0.228637 0.363568 0.045780 0.040416 0.015120 0.019151 0.047726 0.063214 0.041152 0.014269 0.087921 0.007811 0.008473 0.003118 0.013646
161.0 0.222568 0.365168 0.046697 0.039375 0.015730 0.019700 0.047840 0.064158 0.041716 0.015081 0.088610 0.007936 0.008328 0.003183 0.013910
162.0 0.217076 0.365973 0.047577 0.038495 0.016355 0.020207 0.047975 0.065171 0.042234 0.015890 0.089333 0.008081 0.008169 0.003257 0.014207
163.0 0.212174 0.365977 0.048412 0.037772 0.016995 0.020667 0.048129 0.066257 0.042708 0.016686 0.090101 0.008252 0.007997 0.003340 0.014533
164.0 0.207872 0.365180 0.049202 0.037200 0.017648 0.021079 0.048293 0.067420 0.043132 0.017464 0.090926 0.008452 0.007813 0.003431 0.014888
165.0 0.204177 0.363594 0.049944 0.036770 0.018305 0.021441 0.048461 0.068665 0.043501 0.018218 0.091819 0.008685 0.007620 0.003528 0.015272
166.0 0.201089 0.361239 0.050640 0.036470 0.018956 0.021750 0.048627 0.069993 0.043809 0.018944 0.092787 0.008954 0.007421 0.003628 0.015692
167.0 0.198602 0.358144 0.051287 0.036286 0.019592 0.022005 0.048786 0.071403 0.044057 0.019637 0.093838 0.009261 0.007219 0.003727 0.016153
168.0 0.196706 0.354344 0.051880 0.036201 0.020209 0.022202 0.048934 0.072899 0.044247 0.020290 0.094983 0.009610 0.007016 0.003825 0.016655
169.0 0.195390 0.349876 0.052411 0.036195 0.020806 0.022336 0.049060 0.074484 0.044389 0.020893 0.096231 0.010005 0.006813 0.003920 0.017191
170.0 0.194641 0.344779 0.052877 0.036249 0.021383 0.022406 0.049155 0.076162 0.044489 0.021433 0.097597 0.010451 0.006611 0.004012 0.017755
171.0 0.194444 0.339099 0.053275 0.036341 0.021940 0.022413 0.049208 0.077931 0.044551 0.021900 0.099090 0.010953 0.006411 0.004100 0.018344
172.0 0.194781 0.332890 0.053608 0.036452 0.022470 0.022358 0.049210 0.079785 0.044579 0.022283 0.100720 0.011512 0.006214 0.004180 0.018958
173.0 0.195629 0.326208 0.053882 0.036562 0.022962 0.022245 0.049151 0.081714 0.044572 0.022579 0.102494 0.012130 0.006021 0.004250 0.019600
174.0 0.196962 0.319112 0.054101 0.036654 0.023403 0.022077 0.049026 0.083715 0.044531 0.022785 0.104419 0.012807 0.005834 0.004304 0.020271
175.0 0.198744 0.311668 0.054269 0.036711 0.023782 0.021856 0.048829 0.085782 0.044460 0.022899 0.106498 0.013543 0.005654 0.004341 0.020966
176.0 0.200936 0.303939 0.054386 0.036717 0.024096 0.021581 0.048559 0.087906 0.044368 0.022916 0.108734 0.014340 0.005482 0.004359 0.021680
177.0 0.203491 0.295993 0.054452 0.036659 0.024346 0.021255 0.048214 0.090081 0.044265 0.022828 0.111129 0.015201 0.005319 0.004362 0.022406
178.0 0.206364 0.287895 0.054465 0.036529 0.024534 0.020881 0.047789 0.092300 0.044156 0.022630 0.113683 0.016124 0.005165 0.004350 0.023136
179.0 0.209509 0.279711 0.054430 0.036321 0.024660 0.020465 0.047278 0.094556 0.044044 0.022320 0.116391 0.017107 0.005021 0.004322 0.023865
180.0 0.212877 0.271508 0.054352 0.036035 0.024719 0.020014 0.046677 0.096837 0.043930 0.021902 0.119244 0.018147 0.004887 0.004276 0.024594
181.0 0.216413 0.263353 0.054237 0.035677 0.024707 0.019536 0.045985 0.099129 0.043815 0.021379 0.122231 0.019240 0.004765 0.004208 0.025326
182.0 0.220060 0.255310 0.054091 0.035252 0.024622 0.019037 0.045205 0.101421 0.043705 0.020754 0.125333 0.020380 0.004654 0.004116 0.026058
183.0 0.223759 0.247441 0.053921 0.034770 0.024464 0.018524 0.044342 0.103706 0.043607 0.020031 0.128534 0.021563 0.004555 0.003999 0.026783
184.0 0.227449 0.239803 0.053731 0.034243 0.024239 0.017998 0.043403 0.105981 0.043531 0.019213 0.131813 0.022785 0.004467 0.003858 0.027487
185.0 0.231067 0.232451 0.053530 0.033681 0.023950 0.017463 0.042398 0.108235 0.043486 0.018303 0.135143 0.024043 0.004390 0.003698 0.028162
186.0 0.234553 0.225437 0.053332 0.033098 0.023606 0.016925 0.041336 0.110454 0.043474 0.017308 0.138496 0.025332 0.004323 0.003523 0.028804
187.0 0.237855 0.218810 0.053149 0.032507 0.023207 0.016391 0.040225 0.112623 0.043495 0.016241 0.141839 0.026645 0.004266 0.003334 0.029412
188.0 0.240921 0.212616 0.052998 0.031920 0.022758 0.015869 0.039072 0.114733 0.043547 0.015116 0.145137 0.027973 0.004220 0.003134 0.029984
189.0 0.243705 0.206895 0.052890 0.031353 0.022264 0.015367 0.037883 0.116776 0.043631 0.013951 0.148354 0.029306 0.004184 0.002923 0.030520
190.0 0.246159 0.201682 0.052829 0.030819 0.021737 0.014892 0.036667 0.118743 0.043753 0.012761 0.151450 0.030632 0.004156 0.002700 0.031019
191.0 0.248239 0.197006 0.052820 0.030330 0.021194 0.014450 0.035435 0.120631 0.043922 0.011558 0.154390 0.031944 0.004136 0.002470 0.031474
192.0 0.249908 0.192891 0.052866 0.029896 0.020650 0.014044 0.034196 0.122439 0.044147 0.010357 0.157137 0.033233 0.004122 0.002236 0.031876
193.0 0.251134 0.189354 0.052972 0.029526 0.020118 0.013682 0.032958 0.124161 0.044431 0.009175 0.159659 0.034490 0.004115 0.002005 0.032221
194.0 0.251889 0.186407 0.053149 0.029225 0.019606 0.013371 0.031730 0.125786 0.044772 0.008033 0.161921 0.035708 0.004113 0.001783 0.032508
195.0 0.252152 0.184055 0.053410 0.028999 0.019120 0.013118 0.030523 0.127295 0.045165 0.006954 0.163895 0.036879 0.004117 0.001573 0.032745
196.0 0.251907 0.182298 0.053766 0.028852 0.018667 0.012934 0.029343 0.128676 0.045605 0.005961 0.165554 0.037996 0.004126 0.001381 0.032934
197.0 0.251143 0.181126 0.054223 0.028788 0.018259 0.012824 0.028195 0.129923 0.046092 0.005076 0.166881 0.039047 0.004140 0.001211 0.033072
198.0 0.249850 0.180520 0.054783 0.028810 0.017911 0.012793 0.027087 0.131033 0.046629 0.004317 0.167865 0.040023 0.004159 0.001066 0.033154
199.0 0.248020 0.180460 0.055443 0.028921 0.017642 0.012842 0.026024 0.132002 0.047226 0.003700 0.168496 0.040913 0.004181 0.000953 0.033177
200.0 0.245648 0.180918 0.056201 0.029123 0.017468 0.012974 0.025010 0.132825 0.047888 0.003240 0.168773 0.041708 0.004205 0.000877 0.033143
