# Time Pop_0 Pop_1 Pop_2 Pop_3 Pop_4 Pop_5 Pop_6 Pop_7 Pop_8 Pop_9 Pop_10 Pop_11 Pop_12 Pop_13 Pop_14
0.0 0.904844 0.005029 0.028036 0.007666 0.000274 0.000533 0.013667 0.004797 0.000893 0.000201 0.003460 0.029430 0.000038 0.000004 0.001127
1.0 0.904844 0.005029 0.028036 0.007666 0.000274 0.000533 0.013666 0.004798 0.000893 0.000201 0.003460 0.029430 0.000038 0.000004 0.001127
2.0 0.904841 0.005030 0.028036 0.007666 0.000274 0.000533 0.013663 0.004804 0.000893 0.000201 0.003460 0.029430 0.000038 0.000004 0.001127
3.0 0.904832 0.005031 0.028035 0.007666 0.000275 0.000533 0.013649 0.004826 0.000892 0.000201 0.003461 0.029428 0.000038 0.000004 0.001128
4.0 0.904813 0.005034 0.028036 0.007666 0.000276 0.000533 0.013619 0.004870 0.000889 0.000201 0.003464 0.029427 0.000038 0.000004 0.001131
5.0 0.904782 0.005038 0.028040 0.007667 0.000278 0.000533 0.013569 0.004936 0.000885 0.000201 0.003469 0.029427 0.000038 0.000004 0.001133
6.0 0.904739 0.005042 0.028053 0.007669 0.000281 0.000533 0.013502 0.005014 0.000880 0.000201 0.003474 0.029433 0.000039 0.000004 0.001137
7.0 0.904679 0.005047 0.028077 0.007674 0.000284 0.000533 0.013423 0.005095 0.000875 0.000201 0.003480 0.029447 0.000039 0.000004 0.001141
8.0 0.904598 0.005051 0.028112 0.007683 0.000288 0.000533 0.013341 0.005179 0.000870 0.000201 0.003486 0.029469 0.000039 0.000004 0.001145
9.0 0.904489 0.005053 0.028155 0.007698 0.000292 0.000534 0.013258 0.005271 0.000865 0.000201 0.003491 0.029498 0.000039 0.000004 0.001150
10.0 0.904350 0.005055 0.028203 0.007719 0.000297 0.000535 0.013173 0.005383 0.000859 0.000201 0.003497 0.029530 0.000039 0.000004 0.001155
11.0 0.904186 0.005056 0.028252 0.007748 0.000303 0.000535 0.013081 0.005519 0.000851 0.000201 0.003503 0.029561 0.000039 0.000004 0.001161
12.0 0.904007 0.005056 0.028300 0.007785 0.000309 0.000536 0.012975 0.005675 0.000842 0.000202 0.003510 0.029591 0.000040 0.000004 0.001167
13.0 0.903827 0.005055 0.028349 0.007833 0.000316 0.000537 0.012853 0.005841 0.000832 0.000203 0.003516 0.029620 0.000040 0.000005 0.001173
14.0 0.903652 0.005053 0.028399 0.007890 0.000324 0.000539 0.012715 0.006009 0.000823 0.000203 0.003522 0.029647 0.000041 0.000005 0.001180
15.0 0.903480 0.005050 0.028448 0.007960 0.000332 0.000542 0.012565 0.006179 0.000813 0.000204 0.003526 0.029670 0.000042 0.000005 0.001186
16.0 0.903300 0.005045 0.028493 0.008041 0.000342 0.000545 0.012409 0.006360 0.000804 0.000205 0.003529 0.029688 0.000042 0.000005 0.001193
17.0 0.903101 0.005039 0.028533 0.008135 0.000352 0.000549 0.012252 0.006563 0.000793 0.000206 0.003530 0.029700 0.000042 0.000005 0.001199
18.0 0.902878 0.005031 0.028565 0.008242 0.000364 0.000553 0.012095 0.006791 0.000781 0.000208 0.003531 0.029708 0.000041 0.000005 0.001206
19.0 0.902636 0.005019 0.028594 0.008362 0.000376 0.000558 0.011935 0.007038 0.000769 0.000210 0.003530 0.029715 0.000041 0.000005 0.001212
20.0 0.902381 0.005004 0.028622 0.008495 0.000389 0.000563 0.011767 0.007293 0.000756 0.000212 0.003527 0.029726 0.000041 0.000005 0.001219
21.0 0.902121 0.004984 0.028654 0.008640 0.000403 0.000568 0.011588 0.007549 0.000743 0.000214 0.003523 0.029742 0.000041 0.000006 0.001225
22.0 0.901854 0.004960 0.028690 0.008798 0.000418 0.000574 0.011395 0.007807 0.000731 0.000216 0.003517 0.029762 0.000041 0.000006 0.001231
23.0 0.901573 0.004931 0.028730 0.008965 0.000434 0.000581 0.011193 0.008080 0.000718 0.000219 0.003509 0.029782 0.000041 0.000006 0.001237
24.0 0.901271 0.004898 0.028772 0.009143 0.000452 0.000588 0.010987 0.008377 0.000704 0.000221 0.003501 0.029797 0.000041 0.000006 0.001242
25.0 0.900946 0.004861 0.028814 0.009328 0.000470 0.000594 0.010781 0.008700 0.000690 0.000225 0.003491 0.029805 0.000041 0.000006 0.001247
26.0 0.900609 0.004819 0.028853 0.009521 0.000490 0.000601 0.010578 0.009039 0.000675 0.000228 0.003479 0.029809 0.000041 0.000007 0.001252
27.0 0.900275 0.004771 0.028888 0.009719 0.000511 0.000608 0.010377 0.009381 0.000661 0.000231 0.003465 0.029809 0.000040 0.000007 0.001256
28.0 0.899958 0.004720 0.028914 0.009922 0.000532 0.000616 0.010174 0.009719 0.000648 0.000235 0.003450 0.029807 0.000039 0.000008 0.001259
29.0 0.899664 0.004663 0.028929 0.010128 0.000554 0.000623 0.009964 0.010060 0.000635 0.000238 0.003433 0.029802 0.000039 0.000008 0.001262
30.0 0.899390 0.004602 0.028928 0.010335 0.000576 0.000631 0.009745 0.010415 0.000621 0.000242 0.003416 0.029789 0.000038 0.000008 0.001265
31.0 0.899129 0.004538 0.028911 0.010542 0.000599 0.000638 0.009518 0.010795 0.000607 0.000245 0.003399 0.029767 0.000037 0.000009 0.001266
32.0 0.898877 0.004470 0.028882 0.010747 0.000623 0.000644 0.009288 0.011197 0.000592 0.000249 0.003382 0.029737 0.000036 0.000009 0.001267
33.0 0.898633 0.004398 0.028844 0.010949 0.000648 0.000650 0.009060 0.011609 0.000578 0.000253 0.003366 0.029701 0.000035 0.000009 0.001268
34.0 0.898399 0.004321 0.028804 0.011147 0.000673 0.000656 0.008837 0.012018 0.000564 0.000256 0.003350 0.029664 0.000034 0.000010 0.001267
35.0 0.898172 0.004241 0.028765 0.011339 0.000699 0.000662 0.008619 0.012421 0.000552 0.000259 0.003334 0.029627 0.000032 0.000010 0.001267
36.0 0.897948 0.004157 0.028727 0.011526 0.000726 0.000668 0.008405 0.012826 0.000540 0.000263 0.003321 0.029588 0.000030 0.000011 0.001265
37.0 0.897722 0.004069 0.028688 0.011707 0.000753 0.000673 0.008190 0.013247 0.000528 0.000266 0.003310 0.029544 0.000028 0.000011 0.001264
38.0 0.897491 0.003978 0.028644 0.011882 0.000781 0.000677 0.007972 0.013693 0.000515 0.000269 0.003303 0.029496 0.000027 0.000012 0.001261
39.0 0.897262 0.003886 0.028592 0.012052 0.000810 0.000681 0.007750 0.014156 0.000502 0.000272 0.003300 0.029444 0.000025 0.000012 0.001258
40.0 0.897045 0.003792 0.028531 0.012216 0.000839 0.000683 0.007525 0.014623 0.000489 0.000275 0.003301 0.029391 0.000024 0.000013 0.001255
41.0 0.896848 0.003696 0.028461 0.012375 0.000869 0.000686 0.007301 0.015080 0.000477 0.000278 0.003305 0.029339 0.000022 0.000013 0.001250
42.0 0.896670 0.003600 0.028379 0.012531 0.000899 0.000688 0.007083 0.015525 0.000466 0.000281 0.003315 0.029285 0.000021 0.000014 0.001246
43.0 0.896504 0.003504 0.028283 0.012683 0.000930 0.000690 0.006871 0.015972 0.000455 0.000283 0.003329 0.029221 0.000019 0.000015 0.001241
44.0 0.896341 0.003409 0.028173 0.012834 0.000961 0.000692 0.006666 0.016433 0.000445 0.000285 0.003348 0.029144 0.000017 0.000016 0.001236
45.0 0.896175 0.003315 0.028048 0.012985 0.000993 0.000694 0.006465 0.016914 0.000434 0.000288 0.003374 0.029053 0.000016 0.000016 0.001230
46.0 0.896010 0.003222 0.027912 0.013136 0.001026 0.000695 0.006265 0.017406 0.000424 0.000291 0.003406 0.028953 0.000014 0.000016 0.001224
47.0 0.895849 0.003131 0.027767 0.013291 0.001060 0.000697 0.006063 0.017894 0.000413 0.000294 0.003445 0.028850 0.000012 0.000017 0.001217
48.0 0.895694 0.003041 0.027617 0.013450 0.001094 0.000698 0.005860 0.018366 0.000404 0.000296 0.003491 0.028751 0.000010 0.000018 0.001211
49.0 0.895535 0.002952 0.027464 0.013615 0.001128 0.000699 0.005657 0.018826 0.000395 0.000299 0.003543 0.028655 0.000009 0.000019 0.001204
50.0 0.895357 0.002865 0.027309 0.013787 0.001164 0.000699 0.005458 0.019287 0.000386 0.000301 0.003602 0.028559 0.000008 0.000020 0.001197
51.0 0.895146 0.002779 0.027152 0.013967 0.001201 0.000700 0.005266 0.019765 0.000377 0.000304 0.003668 0.028458 0.000007 0.000021 0.001190
52.0 0.894899 0.002695 0.026990 0.014154 0.001239 0.000701 0.005083 0.020260 0.000368 0.000308 0.003741 0.028353 0.000006 0.000021 0.001182
53.0 0.894625 0.002613 0.026824 0.014351 0.001279 0.000702 0.004907 0.020762 0.000359 0.000312 0.003821 0.028246 0.000005 0.000022 0.001174
54.0 0.894340 0.002533 0.026652 0.014556 0.001320 0.000703 0.004736 0.021255 0.000350 0.000317 0.003906 0.028139 0.000004 0.000023 0.001166
55.0 0.894060 0.002455 0.026471 0.014772 0.001361 0.000705 0.004566 0.021731 0.000343 0.000321 0.003996 0.028034 0.000004 0.000025 0.001159
56.0 0.893788 0.002379 0.026279 0.014998 0.001403 0.000707 0.004397 0.022192 0.000335 0.000325 0.004090 0.027927 0.000003 0.000026 0.001151
57.0 0.893519 0.002306 0.026073 0.015234 0.001445 0.000709 0.004227 0.022654 0.000329 0.000329 0.004189 0.027814 0.000003 0.000027 0.001143
58.0 0.893247 0.002235 0.025852 0.015480 0.001489 0.000710 0.004058 0.023129 0.000322 0.000334 0.004292 0.027689 0.000002 0.000028 0.001135
59.0 0.892966 0.002165 0.025618 0.015733 0.001533 0.000711 0.003893 0.023619 0.000314 0.000340 0.004398 0.027555 0.000002 0.000029 0.001126
60.0 0.892676 0.002096 0.025374 0.015993 0.001578 0.000711 0.003734 0.024113 0.000307 0.000346 0.004507 0.027417 0.000002 0.000030 0.001116
61.0 0.892382 0.002028 0.025127 0.016258 0.001622 0.000712 0.003581 0.024598 0.000300 0.000352 0.004616 0.027282 0.000003 0.000031 0.001107
62.0 0.892086 0.001961 0.024878 0.016526 0.001668 0.000713 0.003436 0.025065 0.000294 0.000357 0.004726 0.027155 0.000003 0.000033 0.001099
63.0 0.891784 0.001894 0.024631 0.016797 0.001714 0.000714 0.003296 0.025522 0.000289 0.000362 0.004835 0.027035 0.000004 0.000035 0.001090
64.0 0.891470 0.001826 0.024384 0.017067 0.001761 0.000715 0.003158 0.025983 0.000283 0.000368 0.004943 0.026917 0.000004 0.000037 0.001081
65.0 0.891141 0.001759 0.024137 0.017336 0.001810 0.000716 0.003023 0.026461 0.000278 0.000375 0.005050 0.026800 0.000005 0.000038 0.001071
66.0 0.890801 0.001692 0.023887 0.017602 0.001860 0.000715 0.002887 0.026958 0.000272 0.000382 0.005155 0.026683 0.000006 0.000038 0.001061
67.0 0.890462 0.001625 0.023633 0.017865 0.001910 0.000714 0.002753 0.027461 0.000266 0.000389 0.005257 0.026569 0.000007 0.000040 0.001051
68.0 0.890139 0.001557 0.023372 0.018122 0.001960 0.000712 0.002620 0.027958 0.000261 0.000396 0.005354 0.026460 0.000008 0.000042 0.001040
69.0 0.889842 0.001490 0.023104 0.018375 0.002008 0.000710 0.002492 0.028440 0.000256 0.000402 0.005446 0.026355 0.000010 0.000044 0.001029
70.0 0.889572 0.001422 0.022827 0.018619 0.002056 0.000707 0.002368 0.028912 0.000252 0.000407 0.005532 0.026251 0.000011 0.000046 0.001018
71.0 0.889323 0.001354 0.022541 0.018856 0.002104 0.000704 0.002250 0.029386 0.000248 0.000413 0.005612 0.026141 0.000013 0.000047 0.001007
72.0 0.889086 0.001287 0.022246 0.019083 0.002153 0.000701 0.002137 0.029876 0.000245 0.000420 0.005686 0.026023 0.000016 0.000048 0.000995
73.0 0.888855 0.001219 0.021943 0.019301 0.002202 0.000697 0.002028 0.030383 0.000241 0.000427 0.005753 0.025900 0.000018 0.000049 0.000983
74.0 0.888629 0.001152 0.021635 0.019511 0.002252 0.000692 0.001921 0.030901 0.000237 0.000434 0.005815 0.025780 0.000021 0.000051 0.000970
75.0 0.888406 0.001085 0.021325 0.019714 0.002301 0.000687 0.001814 0.031418 0.000233 0.000440 0.005870 0.025671 0.000024 0.000053 0.000957
76.0 0.888188 0.001019 0.021017 0.019912 0.002350 0.000681 0.001709 0.031928 0.000230 0.000446 0.005918 0.025575 0.000027 0.000056 0.000944
77.0 0.887969 0.000953 0.020712 0.020105 0.002399 0.000674 0.001605 0.032433 0.000228 0.000452 0.005960 0.025491 0.000030 0.000058 0.000931
78.0 0.887740 0.000888 0.020411 0.020294 0.002449 0.000668 0.001505 0.032944 0.000226 0.000458 0.005997 0.025413 0.000033 0.000059 0.000918
79.0 0.887494 0.000824 0.020113 0.020480 0.002499 0.000661 0.001408 0.033470 0.000223 0.000465 0.006028 0.025334 0.000036 0.000060 0.000904
80.0 0.887229 0.000762 0.019816 0.020665 0.002550 0.000654 0.001316 0.034015 0.000221 0.000472 0.006056 0.025254 0.000040 0.000061 0.000890
81.0 0.886949 0.000700 0.019516 0.020850 0.002603 0.000647 0.001229 0.034574 0.000219 0.000480 0.006079 0.025172 0.000044 0.000062 0.000876
82.0 0.886663 0.000641 0.019212 0.021037 0.002656 0.000640 0.001147 0.035136 0.000216 0.000488 0.006099 0.025091 0.000048 0.000065 0.000862
83.0 0.886377 0.000583 0.018901 0.021229 0.002708 0.000632 0.001068 0.035692 0.000215 0.000496 0.006117 0.025014 0.000052 0.000068 0.000848
84.0 0.886091 0.000528 0.018583 0.021428 0.002761 0.000625 0.000991 0.036241 0.000214 0.000504 0.006132 0.024941 0.000056 0.000071 0.000834
85.0 0.885799 0.000476 0.018258 0.021637 0.002813 0.000618 0.000917 0.036790 0.000214 0.000513 0.006146 0.024868 0.000061 0.000072 0.000821
86.0 0.885486 0.000426 0.017927 0.021856 0.002866 0.000611 0.000844 0.037348 0.000213 0.000523 0.006160 0.024795 0.000065 0.000073 0.000807
87.0 0.885140 0.000380 0.017595 0.022086 0.002919 0.000604 0.000773 0.037923 0.000213 0.000534 0.006175 0.024721 0.000070 0.000074 0.000793
88.0 0.884753 0.000337 0.017263 0.022327 0.002974 0.000596 0.000706 0.038516 0.000213 0.000545 0.006193 0.024649 0.000074 0.000076 0.000779
89.0 0.884323 0.000297 0.016935 0.022578 0.003029 0.000588 0.000641 0.039120 0.000212 0.000558 0.006214 0.024581 0.000079 0.000079 0.000765
90.0 0.883851 0.000261 0.016613 0.022840 0.003086 0.000580 0.000581 0.039729 0.000212 0.000571 0.006239 0.024519 0.000085 0.000083 0.000751
91.0 0.883342 0.000228 0.016297 0.023113 0.003144 0.000573 0.000524 0.040336 0.000213 0.000584 0.006268 0.024464 0.000090 0.000086 0.000738
92.0 0.882798 0.000198 0.015985 0.023396 0.003204 0.000567 0.000472 0.040942 0.000214 0.000599 0.006303 0.024414 0.000095 0.000088 0.000726
93.0 0.882219 0.000172 0.015676 0.023688 0.003265 0.000561 0.000424 0.041550 0.000215 0.000614 0.006343 0.024368 0.000100 0.000089 0.000714
94.0 0.881605 0.000149 0.015368 0.023989 0.003327 0.000555 0.000379 0.042169 0.000217 0.000631 0.006389 0.024324 0.000105 0.000090 0.000702
95.0 0.880955 0.000130 0.015057 0.024297 0.003387 0.000548 0.000337 0.042805 0.000218 0.000648 0.006443 0.024281 0.000110 0.000093 0.000691
96.0 0.880271 0.000115 0.014743 0.024609 0.003448 0.000540 0.000297 0.043458 0.000219 0.000665 0.006504 0.024237 0.000114 0.000097 0.000680
97.0 0.879561 0.000104 0.014427 0.024925 0.003508 0.000532 0.000260 0.044125 0.000221 0.000684 0.006573 0.024191 0.000119 0.000101 0.000669
98.0 0.878832 0.000096 0.014110 0.025242 0.003570 0.000524 0.000224 0.044798 0.000223 0.000702 0.006649 0.024143 0.000124 0.000104 0.000658
99.0 0.878090 0.000092 0.013792 0.025557 0.003631 0.000516 0.000191 0.045470 0.000226 0.000722 0.006731 0.024096 0.000130 0.000106 0.000648
100.0 0.877334 0.000092 0.013475 0.025868 0.003693 0.000509 0.000161 0.046141 0.000230 0.000742 0.006821 0.024053 0.000136 0.000108 0.000638
101.0 0.876560 0.000096 0.013159 0.026172 0.003755 0.000502 0.000134 0.046814 0.000234 0.000763 0.006917 0.024015 0.000142 0.000110 0.000628
102.0 0.875760 0.000104 0.012847 0.026467 0.003817 0.000494 0.000109 0.047500 0.000238 0.000783 0.007020 0.023982 0.000148 0.000113 0.000618
103.0 0.874928 0.000116 0.012538 0.026752 0.003878 0.000485 0.000088 0.048207 0.000242 0.000803 0.007130 0.023952 0.000154 0.000117 0.000609
104.0 0.874064 0.000131 0.012234 0.027024 0.003940 0.000476 0.000069 0.048940 0.000246 0.000824 0.007247 0.023923 0.000160 0.000121 0.000601
105.0 0.873172 0.000151 0.011935 0.027283 0.004002 0.000466 0.000053 0.049696 0.000250 0.000845 0.007369 0.023896 0.000165 0.000125 0.000592
106.0 0.872258 0.000174 0.011642 0.027528 0.004065 0.000456 0.000040 0.050466 0.000255 0.000867 0.007496 0.023872 0.000170 0.000127 0.000583
107.0 0.871332 0.000201 0.011354 0.027759 0.004127 0.000447 0.000029 0.051243 0.000260 0.000889 0.007627 0.023855 0.000174 0.000128 0.000574
108.0 0.870398 0.000233 0.011070 0.027975 0.004189 0.000437 0.000021 0.052020 0.000266 0.000912 0.007761 0.023845 0.000179 0.000129 0.000566
109.0 0.869455 0.000268 0.010790 0.028176 0.004249 0.000427 0.000015 0.052803 0.000272 0.000933 0.007896 0.023841 0.000184 0.000132 0.000558
110.0 0.868500 0.000308 0.010512 0.028364 0.004310 0.000417 0.000012 0.053597 0.000279 0.000954 0.008032 0.023838 0.000190 0.000136 0.000550
111.0 0.867532 0.000351 0.010233 0.028541 0.004371 0.000407 0.000011 0.054414 0.000286 0.000974 0.008169 0.023832 0.000197 0.000140 0.000542
112.0 0.866548 0.000400 0.009954 0.028706 0.004434 0.000396 0.000012 0.055256 0.000294 0.000996 0.008305 0.023819 0.000204 0.000144 0.000533
113.0 0.865547 0.000452 0.009673 0.028864 0.004496 0.000385 0.000016 0.056124 0.000302 0.001020 0.008439 0.023802 0.000210 0.000145 0.000524
114.0 0.864528 0.000510 0.009393 0.029014 0.004557 0.000374 0.000023 0.057010 0.000311 0.001044 0.008572 0.023787 0.000217 0.000147 0.000514
115.0 0.863490 0.000574 0.009113 0.029161 0.004616 0.000363 0.000032 0.057907 0.000320 0.001070 0.008701 0.023779 0.000223 0.000148 0.000504
116.0 0.862429 0.000642 0.008837 0.029305 0.004673 0.000352 0.000044 0.058812 0.000330 0.001095 0.008826 0.023780 0.000229 0.000151 0.000495
117.0 0.861339 0.000717 0.008567 0.029451 0.004732 0.000341 0.000058 0.059725 0.000341 0.001119 0.008946 0.023789 0.000234 0.000155 0.000486
118.0 0.860216 0.000798 0.008305 0.029599 0.004794 0.000330 0.000075 0.060652 0.000352 0.001143 0.009060 0.023801 0.000239 0.000159 0.000477
119.0 0.859053 0.000886 0.008051 0.029752 0.004860 0.000320 0.000094 0.061598 0.000364 0.001169 0.009168 0.023811 0.000245 0.000162 0.000467
120.0 0.857850 0.000979 0.007805 0.029911 0.004929 0.000310 0.000116 0.062567 0.000376 0.001198 0.009271 0.023817 0.000250 0.000164 0.000458
121.0 0.856603 0.001079 0.007565 0.030076 0.004998 0.000300 0.000140 0.063561 0.000389 0.001230 0.009367 0.023822 0.000256 0.000166 0.000447
122.0 0.855312 0.001184 0.007331 0.030252 0.005066 0.000290 0.000167 0.064579 0.000402 0.001265 0.009457 0.023830 0.000262 0.000168 0.000436
123.0 0.853980 0.001296 0.007098 0.030439 0.005131 0.000280 0.000196 0.065617 0.000416 0.001302 0.009540 0.023842 0.000268 0.000172 0.000424
124.0 0.852608 0.001413 0.006866 0.030640 0.005196 0.000270 0.000229 0.066671 0.000431 0.001338 0.009616 0.023859 0.000274 0.000177 0.000413
125.0 0.851203 0.001536 0.006633 0.030856 0.005264 0.000260 0.000264 0.067738 0.000447 0.001374 0.009684 0.023879 0.000279 0.000182 0.000402
126.0 0.849769 0.001664 0.006400 0.031084 0.005336 0.000251 0.000302 0.068814 0.000464 0.001411 0.009746 0.023898 0.000284 0.000186 0.000391
127.0 0.848310 0.001798 0.006168 0.031324 0.005412 0.000242 0.000343 0.069899 0.000482 0.001451 0.009800 0.023915 0.000288 0.000188 0.000379
128.0 0.846826 0.001936 0.005939 0.031571 0.005487 0.000233 0.000386 0.070995 0.000501 0.001495 0.009850 0.023930 0.000293 0.000190 0.000367
129.0 0.845312 0.002080 0.005715 0.031823 0.005561 0.000224 0.000431 0.072107 0.000521 0.001543 0.009895 0.023941 0.000298 0.000194 0.000355
130.0 0.843762 0.002228 0.005498 0.032080 0.005633 0.000215 0.000479 0.073240 0.000542 0.001593 0.009935 0.023950 0.000303 0.000199 0.000342
131.0 0.842171 0.002382 0.005288 0.032341 0.005704 0.000206 0.000529 0.074399 0.000563 0.001643 0.009973 0.023957 0.000308 0.000205 0.000330
132.0 0.840539 0.002539 0.005086 0.032605 0.005777 0.000198 0.000581 0.075584 0.000584 0.001694 0.010009 0.023963 0.000313 0.000211 0.000318
133.0 0.838868 0.002700 0.004890 0.032868 0.005854 0.000189 0.000635 0.076791 0.000606 0.001744 0.010043 0.023972 0.000317 0.000215 0.000306
134.0 0.837165 0.002865 0.004700 0.033128 0.005933 0.000181 0.000691 0.078013 0.000629 0.001796 0.010077 0.023986 0.000321 0.000219 0.000294
135.0 0.835438 0.003033 0.004515 0.033380 0.006013 0.000174 0.000749 0.079246 0.000653 0.001849 0.010112 0.024011 0.000324 0.000221 0.000282
136.0 0.833690 0.003203 0.004334 0.033618 0.006093 0.000166 0.000810 0.080490 0.000678 0.001905 0.010149 0.024044 0.000325 0.000225 0.000271
137.0 0.831923 0.003374 0.004157 0.033841 0.006171 0.000158 0.000872 0.081750 0.000704 0.001963 0.010188 0.024083 0.000327 0.000230 0.000259
138.0 0.830139 0.003547 0.003983 0.034047 0.006250 0.000150 0.000936 0.083035 0.000730 0.002022 0.010232 0.024119 0.000328 0.000236 0.000248
139.0 0.828338 0.003721 0.003812 0.034238 0.006329 0.000142 0.001002 0.084348 0.000758 0.002080 0.010279 0.024145 0.000330 0.000242 0.000237
140.0 0.826524 0.003896 0.003644 0.034412 0.006410 0.000134 0.001070 0.085688 0.000787 0.002137 0.010331 0.024160 0.000333 0.000247 0.000227
141.0 0.824702 0.004071 0.003480 0.034570 0.006491 0.000127 0.001140 0.087050 0.000816 0.002193 0.010390 0.024168 0.000336 0.000250 0.000216
142.0 0.822879 0.004247 0.003320 0.034710 0.006568 0.000120 0.001213 0.088421 0.000847 0.002249 0.010455 0.024174 0.000339 0.000253 0.000206
143.0 0.821055 0.004424 0.003164 0.034832 0.006640 0.000112 0.001287 0.089796 0.000878 0.002305 0.010528 0.024186 0.000342 0.000256 0.000196
144.0 0.819225 0.004602 0.003012 0.034933 0.006709 0.000105 0.001363 0.091174 0.000911 0.002361 0.010608 0.024206 0.000344 0.000261 0.000185
145.0 0.817382 0.004783 0.002865 0.035017 0.006778 0.000098 0.001442 0.092559 0.000946 0.002416 0.010696 0.024232 0.000346 0.000266 0.000176
146.0 0.815515 0.004965 0.002722 0.035084 0.006851 0.000091 0.001523 0.093962 0.000982 0.002472 0.010792 0.024256 0.000346 0.000271 0.000167
147.0 0.813614 0.005151 0.002585 0.035138 0.006931 0.000084 0.001606 0.095392 0.001019 0.002527 0.010896 0.024277 0.000346 0.000275 0.000159
148.0 0.811673 0.005341 0.002452 0.035181 0.007015 0.000077 0.001691 0.096852 0.001057 0.002583 0.011009 0.024292 0.000346 0.000278 0.000151
149.0 0.809692 0.005536 0.002325 0.035215 0.007098 0.000071 0.001778 0.098340 0.001097 0.002639 0.011132 0.024306 0.000346 0.000280 0.000144
150.0 0.807671 0.005737 0.002203 0.035243 0.007176 0.000066 0.001865 0.099851 0.001138 0.002697 0.011263 0.024323 0.000347 0.000284 0.000137
151.0 0.805611 0.005943 0.002085 0.035269 0.007248 0.000060 0.001954 0.101378 0.001180 0.002757 0.011403 0.024345 0.000347 0.000288 0.000129
152.0 0.803514 0.006157 0.001971 0.035296 0.007319 0.000055 0.002044 0.102916 0.001224 0.002819 0.011552 0.024370 0.000349 0.000293 0.000122
153.0 0.801380 0.006379 0.001860 0.035326 0.007392 0.000050 0.002137 0.104463 0.001271 0.002881 0.011706 0.024393 0.000350 0.000299 0.000115
154.0 0.799208 0.006608 0.001752 0.035364 0.007473 0.000045 0.002233 0.106015 0.001320 0.002945 0.011867 0.024410 0.000351 0.000303 0.000108
155.0 0.796999 0.006846 0.001646 0.035411 0.007560 0.000040 0.002333 0.107572 0.001372 0.003009 0.012032 0.024420 0.000352 0.000306 0.000102
156.0 0.794753 0.007094 0.001542 0.035469 0.007650 0.000035 0.002438 0.109133 0.001428 0.003076 0.012201 0.024425 0.000352 0.000309 0.000097
157.0 0.792467 0.007351 0.001441 0.035539 0.007736 0.000031 0.002547 0.110697 0.001487 0.003146 0.012374 0.024428 0.000352 0.000313 0.000092
158.0 0.790140 0.007619 0.001344 0.035623 0.007816 0.000027 0.002661 0.112265 0.001550 0.003220 0.012551 0.024430 0.000351 0.000319 0.000087
159.0 0.787768 0.007897 0.001251 0.035720 0.007891 0.000023 0.002779 0.113840 0.001615 0.003297 0.012731 0.024430 0.000350 0.000326 0.000082
160.0 0.785346 0.008188 0.001161 0.035832 0.007966 0.000020 0.002901 0.115428 0.001683 0.003377 0.012915 0.024425 0.000350 0.000332 0.000077
161.0 0.782867 0.008489 0.001076 0.035959 0.008046 0.000016 0.003028 0.117030 0.001754 0.003461 0.013101 0.024413 0.000350 0.000337 0.000072
162.0 0.780329 0.008803 0.000994 0.036098 0.008134 0.000013 0.003159 0.118650 0.001827 0.003547 0.013290 0.024394 0.000351 0.000342 0.000068
163.0 0.777733 0.009129 0.000917 0.036248 0.008228 0.000011 0.003295 0.120284 0.001904 0.003637 0.013481 0.024374 0.000351 0.000346 0.000063
164.0 0.775081 0.009466 0.000843 0.036404 0.008323 0.000008 0.003435 0.121931 0.001984 0.003730 0.013672 0.024359 0.000352 0.000352 0.000059
165.0 0.772381 0.009813 0.000773 0.036564 0.008416 0.000006 0.003579 0.123587 0.002069 0.003826 0.013865 0.024352 0.000352 0.000360 0.000056
166.0 0.769641 0.010171 0.000707 0.036726 0.008507 0.000004 0.003727 0.125251 0.002159 0.003927 0.014058 0.024352 0.000351 0.000368 0.000052
167.0 0.766868 0.010537 0.000644 0.036887 0.008596 0.000003 0.003879 0.126923 0.002253 0.004030 0.014253 0.024352 0.000349 0.000376 0.000050
168.0 0.764072 0.010912 0.000584 0.037047 0.008688 0.000002 0.004033 0.128604 0.002351 0.004135 0.014449 0.024347 0.000347 0.000383 0.000047
169.0 0.761260 0.011293 0.000527 0.037203 0.008783 0.000001 0.004189 0.130293 0.002452 0.004240 0.014648 0.024332 0.000345 0.000388 0.000045
170.0 0.758439 0.011680 0.000474 0.037352 0.008880 0.000000 0.004348 0.131989 0.002556 0.004345 0.014849 0.024307 0.000343 0.000393 0.000044
171.0 0.755616 0.012072 0.000423 0.037491 0.008976 0.000000 0.004510 0.133691 0.002662 0.004448 0.015054 0.024274 0.000341 0.000400 0.000043
172.0 0.752795 0.012466 0.000377 0.037615 0.009068 0.000000 0.004674 0.135396 0.002769 0.004551 0.015263 0.024237 0.000340 0.000408 0.000042
173.0 0.749979 0.012861 0.000333 0.037723 0.009155 0.000001 0.004841 0.137102 0.002879 0.004654 0.015475 0.024201 0.000338 0.000417 0.000041
174.0 0.747166 0.013256 0.000292 0.037813 0.009239 0.000001 0.005012 0.138812 0.002993 0.004757 0.015691 0.024166 0.000337 0.000425 0.000041
175.0 0.744355 0.013648 0.000254 0.037885 0.009323 0.000003 0.005184 0.140526 0.003111 0.004860 0.015913 0.024131 0.000335 0.000432 0.000041
176.0 0.741541 0.014036 0.000219 0.037938 0.009411 0.000004 0.005359 0.142249 0.003233 0.004962 0.016139 0.024097 0.000333 0.000436 0.000042
177.0 0.738720 0.014421 0.000187 0.037972 0.009503 0.000006 0.005536 0.143983 0.003361 0.005061 0.016371 0.024064 0.000331 0.000440 0.000044
178.0 0.735892 0.014802 0.000158 0.037989 0.009597 0.000008 0.005714 0.145731 0.003492 0.005158 0.016610 0.024032 0.000328 0.000445 0.000046
179.0 0.733054 0.015180 0.000132 0.037989 0.009690 0.000010 0.005892 0.147496 0.003626 0.005251 0.016855 0.024002 0.000325 0.000452 0.000048
180.0 0.730208 0.015556 0.000108 0.037972 0.009782 0.000013 0.006070 0.149275 0.003761 0.005342 0.017107 0.023972 0.000322 0.000460 0.000051
181.0 0.727356 0.015932 0.000088 0.037942 0.009871 0.000016 0.006248 0.151068 0.003897 0.005435 0.017366 0.023940 0.000319 0.000468 0.000054
182.0 0.724500 0.016310 0.000070 0.037901 0.009958 0.000020 0.006425 0.152870 0.004034 0.005529 0.017631 0.023903 0.000317 0.000475 0.000058
183.0 0.721641 0.016690 0.000054 0.037852 0.010046 0.000024 0.006602 0.154678 0.004172 0.005625 0.017900 0.023860 0.000315 0.000479 0.000062
184.0 0.718778 0.017075 0.000041 0.037799 0.010135 0.000028 0.006778 0.156485 0.004313 0.005721 0.018173 0.023813 0.000313 0.000482 0.000067
185.0 0.715908 0.017464 0.000029 0.037746 0.010224 0.000032 0.006955 0.158289 0.004458 0.005816 0.018448 0.023764 0.000310 0.000486 0.000072
186.0 0.713028 0.017858 0.000020 0.037696 0.010314 0.000037 0.007131 0.160085 0.004608 0.005909 0.018724 0.023715 0.000307 0.000493 0.000078
187.0 0.710134 0.018258 0.000012 0.037651 0.010405 0.000042 0.007310 0.161871 0.004764 0.006001 0.018999 0.023666 0.000303 0.000501 0.000085
188.0 0.707222 0.018665 0.000006 0.037614 0.010497 0.000047 0.007490 0.163649 0.004927 0.006094 0.019273 0.023615 0.000298 0.000510 0.000092
189.0 0.704288 0.019080 0.000003 0.037587 0.010592 0.000053 0.007674 0.165419 0.005096 0.006193 0.019544 0.023562 0.000293 0.000518 0.000099
190.0 0.701327 0.019505 0.000001 0.037571 0.010688 0.000059 0.007861 0.167185 0.005271 0.006297 0.019812 0.023505 0.000289 0.000523 0.000108
191.0 0.698332 0.019940 0.000000 0.037569 0.010783 0.000066 0.008053 0.168949 0.005450 0.006407 0.020077 0.023442 0.000285 0.000528 0.000117
192.0 0.695300 0.020385 0.000002 0.037581 0.010877 0.000073 0.008250 0.170715 0.005635 0.006522 0.020339 0.023377 0.000281 0.000533 0.000128
193.0 0.692227 0.020841 0.000005 0.037609 0.010968 0.000081 0.008454 0.172483 0.005826 0.006640 0.020599 0.023308 0.000278 0.000540 0.000140
194.0 0.689113 0.021307 0.000009 0.037652 0.011060 0.000089 0.008663 0.174251 0.006022 0.006761 0.020857 0.023236 0.000276 0.000550 0.000154
195.0 0.685959 0.021783 0.000016 0.037709 0.011155 0.000097 0.008879 0.176017 0.006224 0.006885 0.021113 0.023159 0.000273 0.000562 0.000169
196.0 0.682768 0.022268 0.000023 0.037778 0.011256 0.000105 0.009103 0.177776 0.006433 0.007015 0.021367 0.023078 0.000269 0.000572 0.000186
197.0 0.679543 0.022761 0.000032 0.037857 0.011362 0.000114 0.009335 0.179526 0.006651 0.007152 0.021620 0.022995 0.000265 0.000581 0.000204
198.0 0.676289 0.023263 0.000042 0.037944 0.011470 0.000123 0.009575 0.181265 0.006875 0.007297 0.021872 0.022912 0.000261 0.000589 0.000222
199.0 0.673009 0.023773 0.000054 0.038036 0.011576 0.000133 0.009823 0.182993 0.007107 0.007447 0.022123 0.022831 0.000257 0.000597 0.000241
200.0 0.669705 0.024292 0.000066 0.038133 0.011679 0.000143 0.010078 0.184712 0.007346 0.007601 0.022373 0.022753 0.000252 0.000606 0.000262
