# Time Pop_0 Pop_1 Pop_2 Pop_3 Pop_4 Pop_5 Pop_6 Pop_7 Pop_8 Pop_9 Pop_10 Pop_11 Pop_12 Pop_13 Pop_14
0.0 0.934066 0.000000 0.000000 0.000000 0.000000 0.000000 0.000570 0.020775 0.000000 0.000000 0.017499 0.025105 0.000903 0.000903 0.000179
1.0 0.934066 0.000000 0.000000 0.000000 0.000000 0.000000 0.000570 0.020774 0.000000 0.000000 0.017499 0.025105 0.000903 0.000903 0.000179
2.0 0.934064 0.000000 0.000000 0.000000 0.000000 0.000000 0.000570 0.020774 0.000000 0.000000 0.017498 0.025108 0.000904 0.000904 0.000179
3.0 0.934057 0.000000 0.000000 0.000000 0.000000 0.000000 0.000570 0.020771 0.000000 0.000000 0.017494 0.025121 0.000904 0.000904 0.000179
4.0 0.934041 0.000000 0.000000 0.000000 0.000000 0.000000 0.000572 0.020763 0.000000 0.000000 0.017484 0.025153 0.000904 0.000904 0.000179
5.0 0.934010 0.000000 0.000000 0.000000 0.000000 0.000000 0.000575 0.020751 0.000000 0.000000 0.017464 0.025212 0.000905 0.000905 0.000178
6.0 0.933963 0.000000 0.000000 0.000000 0.000000 0.000000 0.000580 0.020733 0.000000 0.000000 0.017428 0.025307 0.000906 0.000906 0.000176
7.0 0.933900 0.000000 0.000000 0.000000 0.000000 0.000000 0.000588 0.020712 0.000000 0.000000 0.017371 0.025439 0.000907 0.000907 0.000174
8.0 0.933825 0.000000 0.000000 0.000000 0.000000 0.000000 0.000602 0.020692 0.000000 0.000000 0.017285 0.025608 0.000908 0.000908 0.000172
9.0 0.933744 0.000000 0.000000 0.000000 0.000000 0.000000 0.000622 0.020675 0.000000 0.000000 0.017165 0.025809 0.000909 0.000909 0.000169
10.0 0.933666 0.000000 0.000000 0.000000 0.000000 0.000000 0.000649 0.020667 0.000000 0.000000 0.017004 0.026033 0.000908 0.000908 0.000165
11.0 0.933599 0.000000 0.000000 0.000000 0.000000 0.000000 0.000687 0.020670 0.000000 0.000000 0.016798 0.026272 0.000907 0.000907 0.000160
12.0 0.933552 0.000000 0.000000 0.000000 0.000000 0.000000 0.000737 0.020685 0.000000 0.000000 0.016542 0.026520 0.000906 0.000906 0.000153
13.0 0.933528 0.000000 0.000000 0.000000 0.000000 0.000000 0.000802 0.020711 0.000000 0.000000 0.016232 0.026772 0.000905 0.000905 0.000145
14.0 0.933527 0.000000 0.000000 0.000000 0.000000 0.000000 0.000885 0.020746 0.000000 0.000000 0.015868 0.027028 0.000905 0.000905 0.000135
15.0 0.933545 0.000000 0.000000 0.000000 0.000000 0.000000 0.000989 0.020785 0.000000 0.000000 0.015449 0.027292 0.000908 0.000908 0.000124
16.0 0.933575 0.000000 0.000000 0.000000 0.000000 0.000000 0.001119 0.020825 0.000000 0.000000 0.014977 0.027567 0.000913 0.000913 0.000111
17.0 0.933607 0.000000 0.000000 0.000000 0.000000 0.000000 0.001278 0.020862 0.000000 0.000000 0.014454 0.027858 0.000921 0.000921 0.000098
18.0 0.933631 0.000000 0.000000 0.000000 0.000000 0.000000 0.001470 0.020895 0.000000 0.000000 0.013885 0.028168 0.000933 0.000933 0.000084
19.0 0.933636 0.000000 0.000000 0.000000 0.000000 0.000000 0.001701 0.020923 0.000000 0.000000 0.013276 0.028497 0.000948 0.000948 0.000071
20.0 0.933614 0.000000 0.000000 0.000000 0.000000 0.000000 0.001973 0.020948 0.000000 0.000000 0.012635 0.028842 0.000965 0.000965 0.000058
21.0 0.933556 0.000000 0.000000 0.000000 0.000000 0.000000 0.002289 0.020973 0.000000 0.000000 0.011971 0.029199 0.000983 0.000983 0.000045
22.0 0.933452 0.000000 0.000000 0.000000 0.000000 0.000000 0.002653 0.021001 0.000000 0.000000 0.011293 0.029562 0.001003 0.001003 0.000034
23.0 0.933293 0.000000 0.000000 0.000000 0.000000 0.000000 0.003067 0.021034 0.000000 0.000000 0.010611 0.029927 0.001022 0.001022 0.000024
24.0 0.933067 0.000000 0.000000 0.000000 0.000000 0.000000 0.003531 0.021076 0.000000 0.000000 0.009937 0.030289 0.001042 0.001042 0.000015
25.0 0.932762 0.000000 0.000000 0.000000 0.000000 0.000000 0.004047 0.021127 0.000000 0.000000 0.009281 0.030649 0.001063 0.001063 0.000009
26.0 0.932368 0.000000 0.000000 0.000000 0.000000 0.000000 0.004614 0.021186 0.000000 0.000000 0.008651 0.031008 0.001084 0.001084 0.000005
27.0 0.931876 0.000000 0.000000 0.000000 0.000000 0.000000 0.005232 0.021248 0.000000 0.000000 0.008056 0.031368 0.001107 0.001107 0.000005
28.0 0.931284 0.000000 0.000000 0.000000 0.000000 0.000000 0.005899 0.021307 0.000000 0.000000 0.007503 0.031733 0.001133 0.001133 0.000009
29.0 0.930598 0.000000 0.000000 0.000000 0.000000 0.000000 0.006611 0.021354 0.000000 0.000000 0.006997 0.032102 0.001162 0.001162 0.000016
30.0 0.929831 0.000000 0.000000 0.000000 0.000000 0.000000 0.007363 0.021379 0.000000 0.000000 0.006541 0.032474 0.001193 0.001193 0.000027
31.0 0.929005 0.000000 0.000000 0.000000 0.000000 0.000000 0.008147 0.021374 0.000000 0.000000 0.006139 0.032843 0.001226 0.001226 0.000041
32.0 0.928146 0.000000 0.000000 0.000000 0.000000 0.000000 0.008954 0.021331 0.000000 0.000000 0.005791 0.033200 0.001261 0.001261 0.000057
33.0 0.927286 0.000000 0.000000 0.000000 0.000000 0.000000 0.009771 0.021245 0.000000 0.000000 0.005496 0.033536 0.001296 0.001296 0.000075
34.0 0.926451 0.000000 0.000000 0.000000 0.000000 0.000000 0.010586 0.021113 0.000000 0.000000 0.005253 0.033842 0.001331 0.001331 0.000094
35.0 0.925667 0.000000 0.000000 0.000000 0.000000 0.000000 0.011382 0.020935 0.000000 0.000000 0.005059 0.034115 0.001365 0.001365 0.000113
36.0 0.924955 0.000000 0.000000 0.000000 0.000000 0.000000 0.012142 0.020714 0.000000 0.000000 0.004910 0.034352 0.001397 0.001397 0.000132
37.0 0.924334 0.000000 0.000000 0.000000 0.000000 0.000000 0.012848 0.020450 0.000000 0.000000 0.004803 0.034558 0.001429 0.001429 0.000149
38.0 0.923818 0.000000 0.000000 0.000000 0.000000 0.000000 0.013482 0.020146 0.000000 0.000000 0.004732 0.034739 0.001460 0.001460 0.000163
39.0 0.923426 0.000000 0.000000 0.000000 0.000000 0.000000 0.014024 0.019798 0.000000 0.000000 0.004693 0.034904 0.001490 0.001490 0.000173
40.0 0.923177 0.000000 0.000000 0.000000 0.000000 0.000000 0.014457 0.019405 0.000000 0.000000 0.004682 0.035060 0.001520 0.001520 0.000178
41.0 0.923095 0.000000 0.000000 0.000000 0.000000 0.000000 0.014762 0.018961 0.000000 0.000000 0.004696 0.035210 0.001550 0.001550 0.000178
42.0 0.923207 0.000000 0.000000 0.000000 0.000000 0.000000 0.014924 0.018461 0.000000 0.000000 0.004733 0.035350 0.001577 0.001577 0.000172
43.0 0.923540 0.000000 0.000000 0.000000 0.000000 0.000000 0.014931 0.017901 0.000000 0.000000 0.004790 0.035475 0.001601 0.001601 0.000161
44.0 0.924119 0.000000 0.000000 0.000000 0.000000 0.000000 0.014773 0.017279 0.000000 0.000000 0.004866 0.035574 0.001622 0.001622 0.000146
45.0 0.924960 0.000000 0.000000 0.000000 0.000000 0.000000 0.014446 0.016597 0.000000 0.000000 0.004961 0.035635 0.001637 0.001637 0.000127
46.0 0.926069 0.000000 0.000000 0.000000 0.000000 0.000000 0.013951 0.015857 0.000000 0.000000 0.005072 0.035649 0.001648 0.001648 0.000106
47.0 0.927442 0.000000 0.000000 0.000000 0.000000 0.000000 0.013293 0.015064 0.000000 0.000000 0.005197 0.035611 0.001655 0.001655 0.000084
48.0 0.929058 0.000000 0.000000 0.000000 0.000000 0.000000 0.012484 0.014225 0.000000 0.000000 0.005332 0.035519 0.001659 0.001659 0.000063
49.0 0.930889 0.000000 0.000000 0.000000 0.000000 0.000000 0.011543 0.013348 0.000000 0.000000 0.005471 0.035379 0.001663 0.001663 0.000045
50.0 0.932898 0.000000 0.000000 0.000000 0.000000 0.000000 0.010492 0.012441 0.000000 0.000000 0.005609 0.035196 0.001667 0.001667 0.000031
51.0 0.935045 0.000000 0.000000 0.000000 0.000000 0.000000 0.009360 0.011512 0.000000 0.000000 0.005738 0.034977 0.001672 0.001672 0.000025
52.0 0.937286 0.000000 0.000000 0.000000 0.000000 0.000000 0.008181 0.010570 0.000000 0.000000 0.005852 0.034728 0.001678 0.001678 0.000027
53.0 0.939583 0.000000 0.000000 0.000000 0.000000 0.000000 0.006989 0.009627 0.000000 0.000000 0.005943 0.034449 0.001685 0.001685 0.000039
54.0 0.941897 0.000000 0.000000 0.000000 0.000000 0.000000 0.005821 0.008692 0.000000 0.000000 0.006005 0.034140 0.001691 0.001691 0.000062
55.0 0.944196 0.000000 0.000000 0.000000 0.000000 0.000000 0.004714 0.007775 0.000000 0.000000 0.006032 0.033798 0.001696 0.001696 0.000095
56.0 0.946447 0.000000 0.000000 0.000000 0.000000 0.000000 0.003699 0.006886 0.000000 0.000000 0.006018 0.033417 0.001697 0.001697 0.000138
57.0 0.948621 0.000000 0.000000 0.000000 0.000000 0.000000 0.002807 0.006034 0.000000 0.000000 0.005961 0.032994 0.001696 0.001696 0.000190
58.0 0.950690 0.000000 0.000000 0.000000 0.000000 0.000000 0.002059 0.005224 0.000000 0.000000 0.005860 0.032530 0.001693 0.001693 0.000250
59.0 0.952628 0.000000 0.000000 0.000000 0.000000 0.000000 0.001470 0.004464 0.000000 0.000000 0.005720 0.032024 0.001689 0.001689 0.000317
60.0 0.954413 0.000000 0.000000 0.000000 0.000000 0.000000 0.001046 0.003757 0.000000 0.000000 0.005544 0.031480 0.001686 0.001686 0.000387
61.0 0.956029 0.000000 0.000000 0.000000 0.000000 0.000000 0.000784 0.003109 0.000000 0.000000 0.005342 0.030902 0.001687 0.001687 0.000459
62.0 0.957469 0.000000 0.000000 0.000000 0.000000 0.000000 0.000675 0.002521 0.000000 0.000000 0.005124 0.030294 0.001694 0.001694 0.000530
63.0 0.958731 0.000000 0.000000 0.000000 0.000000 0.000000 0.000702 0.001997 0.000000 0.000000 0.004900 0.029658 0.001707 0.001707 0.000598
64.0 0.959828 0.000000 0.000000 0.000000 0.000000 0.000000 0.000841 0.001538 0.000000 0.000000 0.004681 0.028993 0.001728 0.001728 0.000664
65.0 0.960777 0.000000 0.000000 0.000000 0.000000 0.000000 0.001067 0.001146 0.000000 0.000000 0.004474 0.028297 0.001757 0.001757 0.000725
66.0 0.961603 0.000000 0.000000 0.000000 0.000000 0.000000 0.001352 0.000823 0.000000 0.000000 0.004286 0.027569 0.001793 0.001793 0.000781
67.0 0.962333 0.000000 0.000000 0.000000 0.000000 0.000000 0.001672 0.000569 0.000000 0.000000 0.004116 0.026806 0.001836 0.001836 0.000832
68.0 0.962993 0.000000 0.000000 0.000000 0.000000 0.000000 0.002004 0.000385 0.000000 0.000000 0.003964 0.026009 0.001884 0.001884 0.000878
69.0 0.963603 0.000000 0.000000 0.000000 0.000000 0.000000 0.002331 0.000272 0.000000 0.000000 0.003823 0.025179 0.001936 0.001936 0.000919
70.0 0.964177 0.000000 0.000000 0.000000 0.000000 0.000000 0.002644 0.000232 0.000000 0.000000 0.003684 0.024320 0.001993 0.001993 0.000955
71.0 0.964720 0.000000 0.000000 0.000000 0.000000 0.000000 0.002941 0.000268 0.000000 0.000000 0.003538 0.023438 0.002055 0.002055 0.000987
72.0 0.965224 0.000000 0.000000 0.000000 0.000000 0.000000 0.003225 0.000382 0.000000 0.000000 0.003375 0.022538 0.002120 0.002120 0.001016
73.0 0.965673 0.000000 0.000000 0.000000 0.000000 0.000000 0.003510 0.000578 0.000000 0.000000 0.003188 0.021627 0.002191 0.002191 0.001043
74.0 0.966042 0.000000 0.000000 0.000000 0.000000 0.000000 0.003812 0.000861 0.000000 0.000000 0.002974 0.020708 0.002267 0.002267 0.001069
75.0 0.966295 0.000000 0.000000 0.000000 0.000000 0.000000 0.004154 0.001237 0.000000 0.000000 0.002736 0.019784 0.002350 0.002350 0.001094
76.0 0.966393 0.000000 0.000000 0.000000 0.000000 0.000000 0.004562 0.001710 0.000000 0.000000 0.002484 0.018856 0.002438 0.002438 0.001118
77.0 0.966286 0.000000 0.000000 0.000000 0.000000 0.000000 0.005062 0.002288 0.000000 0.000000 0.002235 0.017923 0.002533 0.002533 0.001141
78.0 0.965924 0.000000 0.000000 0.000000 0.000000 0.000000 0.005685 0.002975 0.000000 0.000000 0.002010 0.016984 0.002631 0.002631 0.001160
79.0 0.965252 0.000000 0.000000 0.000000 0.000000 0.000000 0.006459 0.003776 0.000000 0.000000 0.001835 0.016037 0.002734 0.002734 0.001174
80.0 0.964217 0.000000 0.000000 0.000000 0.000000 0.000000 0.007415 0.004696 0.000000 0.000000 0.001735 0.015083 0.002838 0.002838 0.001179
81.0 0.962768 0.000000 0.000000 0.000000 0.000000 0.000000 0.008583 0.005735 0.000000 0.000000 0.001734 0.014124 0.002942 0.002942 0.001174
82.0 0.960863 0.000000 0.000000 0.000000 0.000000 0.000000 0.009992 0.006892 0.000000 0.000000 0.001846 0.013164 0.003044 0.003044 0.001154
83.0 0.958472 0.000000 0.000000 0.000000 0.000000 0.000000 0.011672 0.008164 0.000000 0.000000 0.002078 0.012210 0.003143 0.003143 0.001120
84.0 0.955576 0.000000 0.000000 0.000000 0.000000 0.000000 0.013645 0.009541 0.000000 0.000000 0.002425 0.011269 0.003236 0.003236 0.001070
85.0 0.952180 0.000000 0.000000 0.000000 0.000000 0.000000 0.015930 0.011014 0.000000 0.000000 0.002873 0.010350 0.003324 0.003324 0.001003
86.0 0.948306 0.000000 0.000000 0.000000 0.000000 0.000000 0.018533 0.012567 0.000000 0.000000 0.003400 0.009461 0.003406 0.003406 0.000921
87.0 0.943993 0.000000 0.000000 0.000000 0.000000 0.000000 0.021443 0.014188 0.000000 0.000000 0.003979 0.008610 0.003480 0.003480 0.000826
88.0 0.939301 0.000000 0.000000 0.000000 0.000000 0.000000 0.024633 0.015863 0.000000 0.000000 0.004589 0.007801 0.003546 0.003546 0.000722
89.0 0.934296 0.000000 0.000000 0.000000 0.000000 0.000000 0.028051 0.017584 0.000000 0.000000 0.005213 0.007038 0.003604 0.003604 0.000611
90.0 0.929051 0.000000 0.000000 0.000000 0.000000 0.000000 0.031623 0.019346 0.000000 0.000000 0.005850 0.006321 0.003654 0.003654 0.000500
91.0 0.923631 0.000000 0.000000 0.000000 0.000000 0.000000 0.035259 0.021159 0.000000 0.000000 0.006515 0.005649 0.003696 0.003696 0.000394
92.0 0.918090 0.000000 0.000000 0.000000 0.000000 0.000000 0.038856 0.023037 0.000000 0.000000 0.007236 0.005020 0.003731 0.003731 0.000299
93.0 0.912458 0.000000 0.000000 0.000000 0.000000 0.000000 0.042313 0.025010 0.000000 0.000000 0.008053 0.004429 0.003759 0.003759 0.000219
94.0 0.906741 0.000000 0.000000 0.000000 0.000000 0.000000 0.045541 0.027115 0.000000 0.000000 0.009007 0.003873 0.003783 0.003783 0.000157
95.0 0.900920 0.000000 0.000000 0.000000 0.000000 0.000000 0.048482 0.029396 0.000000 0.000000 0.010131 0.003350 0.003805 0.003805 0.000112
96.0 0.894953 0.000000 0.000000 0.000000 0.000000 0.000000 0.051114 0.031897 0.000000 0.000000 0.011440 0.002856 0.003827 0.003827 0.000084
97.0 0.888787 0.000000 0.000000 0.000000 0.000000 0.000000 0.053466 0.034657 0.000000 0.000000 0.012921 0.002394 0.003855 0.003855 0.000066
98.0 0.882367 0.000000 0.000000 0.000000 0.000000 0.000000 0.055608 0.037698 0.000000 0.000000 0.014528 0.001965 0.003890 0.003890 0.000053
99.0 0.875653 0.000000 0.000000 0.000000 0.000000 0.000000 0.057652 0.041019 0.000000 0.000000 0.016187 0.001573 0.003938 0.003938 0.000041
100.0 0.868634 0.000000 0.000000 0.000000 0.000000 0.000000 0.059729 0.044589 0.000000 0.000000 0.017794 0.001224 0.004001 0.004001 0.000028
101.0 0.861339 0.000000 0.000000 0.000000 0.000000 0.000000 0.061973 0.048347 0.000000 0.000000 0.019239 0.000922 0.004083 0.004083 0.000014
102.0 0.853847 0.000000 0.000000 0.000000 0.000000 0.000000 0.064496 0.052195 0.000000 0.000000 0.020411 0.000672 0.004186 0.004186 0.000006
103.0 0.846283 0.000000 0.000000 0.000000 0.000000 0.000000 0.067367 0.056015 0.000000 0.000000 0.021220 0.000479 0.004310 0.004310 0.000016
104.0 0.838815 0.000000 0.000000 0.000000 0.000000 0.000000 0.070599 0.059673 0.000000 0.000000 0.021607 0.000343 0.004454 0.004454 0.000057
105.0 0.831634 0.000000 0.000000 0.000000 0.000000 0.000000 0.074138 0.063039 0.000000 0.000000 0.021554 0.000263 0.004615 0.004615 0.000143
106.0 0.824937 0.000000 0.000000 0.000000 0.000000 0.000000 0.077874 0.066006 0.000000 0.000000 0.021086 0.000235 0.004789 0.004789 0.000283
107.0 0.818900 0.000000 0.000000 0.000000 0.000000 0.000000 0.081648 0.068509 0.000000 0.000000 0.020264 0.000254 0.004971 0.004971 0.000483
108.0 0.813652 0.000000 0.000000 0.000000 0.000000 0.000000 0.085273 0.070540 0.000000 0.000000 0.019176 0.000311 0.005154 0.005154 0.000740
109.0 0.809255 0.000000 0.000000 0.000000 0.000000 0.000000 0.088557 0.072160 0.000000 0.000000 0.017924 0.000399 0.005331 0.005331 0.001043
110.0 0.805691 0.000000 0.000000 0.000000 0.000000 0.000000 0.091328 0.073497 0.000000 0.000000 0.016610 0.000511 0.005494 0.005494 0.001376
111.0 0.802853 0.000000 0.000000 0.000000 0.000000 0.000000 0.093447 0.074742 0.000000 0.000000 0.015320 0.000644 0.005637 0.005637 0.001721
112.0 0.800560 0.000000 0.000000 0.000000 0.000000 0.000000 0.094831 0.076125 0.000000 0.000000 0.014120 0.000796 0.005755 0.005755 0.002058
113.0 0.798571 0.000000 0.000000 0.000000 0.000000 0.000000 0.095450 0.077892 0.000000 0.000000 0.013051 0.000970 0.005847 0.005847 0.002372
114.0 0.796616 0.000000 0.000000 0.000000 0.000000 0.000000 0.095336 0.080266 0.000000 0.000000 0.012128 0.001173 0.005914 0.005914 0.002654
115.0 0.794429 0.000000 0.000000 0.000000 0.000000 0.000000 0.094576 0.083417 0.000000 0.000000 0.011348 0.001413 0.005958 0.005958 0.002900
116.0 0.791783 0.000000 0.000000 0.000000 0.000000 0.000000 0.093303 0.087430 0.000000 0.000000 0.010691 0.001699 0.005990 0.005990 0.003115
117.0 0.788519 0.000000 0.000000 0.000000 0.000000 0.000000 0.091682 0.092281 0.000000 0.000000 0.010136 0.002038 0.006017 0.006017 0.003309
118.0 0.784568 0.000000 0.000000 0.000000 0.000000 0.000000 0.089902 0.097833 0.000000 0.000000 0.009662 0.002434 0.006054 0.006054 0.003494
119.0 0.779953 0.000000 0.000000 0.000000 0.000000 0.000000 0.088159 0.103840 0.000000 0.000000 0.009255 0.002884 0.006112 0.006112 0.003686
120.0 0.774782 0.000000 0.000000 0.000000 0.000000 0.000000 0.086646 0.109973 0.000000 0.000000 0.008911 0.003379 0.006203 0.006203 0.003903
121.0 0.769224 0.000000 0.000000 0.000000 0.000000 0.000000 0.085538 0.115863 0.000000 0.000000 0.008637 0.003906 0.006334 0.006334 0.004163
122.0 0.763472 0.000000 0.000000 0.000000 0.000000 0.000000 0.084986 0.121143 0.000000 0.000000 0.008444 0.004447 0.006511 0.006511 0.004485
123.0 0.757701 0.000000 0.000000 0.000000 0.000000 0.000000 0.085109 0.125505 0.000000 0.000000 0.008344 0.004985 0.006732 0.006732 0.004893
124.0 0.752032 0.000000 0.000000 0.000000 0.000000 0.000000 0.085989 0.128746 0.000000 0.000000 0.008344 0.005506 0.006988 0.006988 0.005407
125.0 0.746506 0.000000 0.000000 0.000000 0.000000 0.000000 0.087663 0.130797 0.000000 0.000000 0.008443 0.006001 0.007268 0.007268 0.006054
126.0 0.741068 0.000000 0.000000 0.000000 0.000000 0.000000 0.090126 0.131742 0.000000 0.000000 0.008628 0.006474 0.007554 0.007554 0.006854
127.0 0.735576 0.000000 0.000000 0.000000 0.000000 0.000000 0.093323 0.131807 0.000000 0.000000 0.008879 0.006935 0.007829 0.007829 0.007823
128.0 0.729832 0.000000 0.000000 0.000000 0.000000 0.000000 0.097149 0.131330 0.000000 0.000000 0.009172 0.007405 0.008072 0.008072 0.008967
129.0 0.723620 0.000000 0.000000 0.000000 0.000000 0.000000 0.101453 0.130709 0.000000 0.000000 0.009492 0.007910 0.008268 0.008268 0.010279
130.0 0.716751 0.000000 0.000000 0.000000 0.000000 0.000000 0.106047 0.130350 0.000000 0.000000 0.009837 0.008476 0.008405 0.008405 0.011730
131.0 0.709108 0.000000 0.000000 0.000000 0.000000 0.000000 0.110716 0.130601 0.000000 0.000000 0.010230 0.009120 0.008476 0.008476 0.013272
132.0 0.700672 0.000000 0.000000 0.000000 0.000000 0.000000 0.115249 0.131710 0.000000 0.000000 0.010719 0.009849 0.008483 0.008483 0.014836
133.0 0.691529 0.000000 0.000000 0.000000 0.000000 0.000000 0.119460 0.133792 0.000000 0.000000 0.011366 0.010654 0.008429 0.008429 0.016342
134.0 0.681867 0.000000 0.000000 0.000000 0.000000 0.000000 0.123218 0.136812 0.000000 0.000000 0.012234 0.011508 0.008328 0.008328 0.017706
135.0 0.671944 0.000000 0.000000 0.000000 0.000000 0.000000 0.126469 0.140605 0.000000 0.000000 0.013368 0.012369 0.008192 0.008192 0.018862
136.0 0.662053 0.000000 0.000000 0.000000 0.000000 0.000000 0.129241 0.144900 0.000000 0.000000 0.014770 0.013184 0.008037 0.008037 0.019779
137.0 0.652484 0.000000 0.000000 0.000000 0.000000 0.000000 0.131639 0.149364 0.000000 0.000000 0.016384 0.013897 0.007877 0.007877 0.020478
138.0 0.643482 0.000000 0.000000 0.000000 0.000000 0.000000 0.133821 0.153654 0.000000 0.000000 0.018094 0.014459 0.007726 0.007726 0.021038
139.0 0.635221 0.000000 0.000000 0.000000 0.000000 0.000000 0.135966 0.157466 0.000000 0.000000 0.019733 0.014834 0.007592 0.007592 0.021596
140.0 0.627789 0.000000 0.000000 0.000000 0.000000 0.000000 0.138232 0.160577 0.000000 0.000000 0.021110 0.015012 0.007480 0.007480 0.022320
141.0 0.621190 0.000000 0.000000 0.000000 0.000000 0.000000 0.140724 0.162873 0.000000 0.000000 0.022042 0.015005 0.007393 0.007393 0.023380
142.0 0.615363 0.000000 0.000000 0.000000 0.000000 0.000000 0.143456 0.164360 0.000000 0.000000 0.022400 0.014856 0.007330 0.007330 0.024905
143.0 0.610213 0.000000 0.000000 0.000000 0.000000 0.000000 0.146340 0.165158 0.000000 0.000000 0.022139 0.014630 0.007287 0.007287 0.026947
144.0 0.605635 0.000000 0.000000 0.000000 0.000000 0.000000 0.149182 0.165479 0.000000 0.000000 0.021319 0.014407 0.007261 0.007261 0.029457
145.0 0.601545 0.000000 0.000000 0.000000 0.000000 0.000000 0.151713 0.165601 0.000000 0.000000 0.020095 0.014274 0.007248 0.007248 0.032277
146.0 0.597886 0.000000 0.000000 0.000000 0.000000 0.000000 0.153638 0.165824 0.000000 0.000000 0.018689 0.014312 0.007247 0.007247 0.035158
147.0 0.594620 0.000000 0.000000 0.000000 0.000000 0.000000 0.154696 0.166440 0.000000 0.000000 0.017340 0.014589 0.007257 0.007257 0.037802
148.0 0.591722 0.000000 0.000000 0.000000 0.000000 0.000000 0.154716 0.167693 0.000000 0.000000 0.016242 0.015144 0.007282 0.007282 0.039921
149.0 0.589163 0.000000 0.000000 0.000000 0.000000 0.000000 0.153649 0.169747 0.000000 0.000000 0.015506 0.015985 0.007325 0.007325 0.041300
150.0 0.586904 0.000000 0.000000 0.000000 0.000000 0.000000 0.151574 0.172654 0.000000 0.000000 0.015137 0.017085 0.007395 0.007395 0.041856
151.0 0.584895 0.000000 0.000000 0.000000 0.000000 0.000000 0.148685 0.176338 0.000000 0.000000 0.015033 0.018383 0.007500 0.007500 0.041666
152.0 0.583083 0.000000 0.000000 0.000000 0.000000 0.000000 0.145250 0.180602 0.000000 0.000000 0.015023 0.019787 0.007646 0.007646 0.040963
153.0 0.581413 0.000000 0.000000 0.000000 0.000000 0.000000 0.141582 0.185142 0.000000 0.000000 0.014907 0.021186 0.007841 0.007841 0.040088
154.0 0.579847 0.000000 0.000000 0.000000 0.000000 0.000000 0.137984 0.189595 0.000000 0.000000 0.014513 0.022463 0.008088 0.008088 0.039422
155.0 0.578373 0.000000 0.000000 0.000000 0.000000 0.000000 0.134708 0.193592 0.000000 0.000000 0.013741 0.023511 0.008387 0.008387 0.039302
156.0 0.577013 0.000000 0.000000 0.000000 0.000000 0.000000 0.131914 0.196826 0.000000 0.000000 0.012585 0.024249 0.008730 0.008730 0.039952
157.0 0.575814 0.000000 0.000000 0.000000 0.000000 0.000000 0.129652 0.199113 0.000000 0.000000 0.011135 0.024634 0.009108 0.009108 0.041434
158.0 0.574818 0.000000 0.000000 0.000000 0.000000 0.000000 0.127870 0.200450 0.000000 0.000000 0.009544 0.024675 0.009504 0.009504 0.043635
159.0 0.574015 0.000000 0.000000 0.000000 0.000000 0.000000 0.126451 0.201039 0.000000 0.000000 0.007988 0.024433 0.009896 0.009896 0.046282
160.0 0.573305 0.000000 0.000000 0.000000 0.000000 0.000000 0.125254 0.201277 0.000000 0.000000 0.006623 0.024017 0.010261 0.010261 0.049002
161.0 0.572487 0.000000 0.000000 0.000000 0.000000 0.000000 0.124144 0.201682 0.000000 0.000000 0.005563 0.023568 0.010576 0.010576 0.051404
162.0 0.571290 0.000000 0.000000 0.000000 0.000000 0.000000 0.123022 0.202784 0.000000 0.000000 0.004862 0.023234 0.010819 0.010819 0.053170
163.0 0.569433 0.000000 0.000000 0.000000 0.000000 0.000000 0.121841 0.204990 0.000000 0.000000 0.004526 0.023139 0.010971 0.010971 0.054130
164.0 0.566692 0.000000 0.000000 0.000000 0.000000 0.000000 0.120622 0.208462 0.000000 0.000000 0.004519 0.023357 0.011022 0.011022 0.054303
165.0 0.562977 0.000000 0.000000 0.000000 0.000000 0.000000 0.119469 0.213045 0.000000 0.000000 0.004785 0.023888 0.010969 0.010969 0.053898
166.0 0.558373 0.000000 0.000000 0.000000 0.000000 0.000000 0.118554 0.218259 0.000000 0.000000 0.005248 0.024662 0.010815 0.010815 0.053273
167.0 0.553159 0.000000 0.000000 0.000000 0.000000 0.000000 0.118084 0.223377 0.000000 0.000000 0.005823 0.025540 0.010574 0.010574 0.052869
168.0 0.547757 0.000000 0.000000 0.000000 0.000000 0.000000 0.118248 0.227575 0.000000 0.000000 0.006417 0.026354 0.010264 0.010264 0.053122
169.0 0.542629 0.000000 0.000000 0.000000 0.000000 0.000000 0.119182 0.230141 0.000000 0.000000 0.006932 0.026938 0.009908 0.009908 0.054363
170.0 0.538126 0.000000 0.000000 0.000000 0.000000 0.000000 0.120938 0.230677 0.000000 0.000000 0.007277 0.027181 0.009531 0.009531 0.056739
171.0 0.534359 0.000000 0.000000 0.000000 0.000000 0.000000 0.123473 0.229248 0.000000 0.000000 0.007393 0.027056 0.009158 0.009158 0.060155
172.0 0.531147 0.000000 0.000000 0.000000 0.000000 0.000000 0.126635 0.226399 0.000000 0.000000 0.007277 0.026631 0.008811 0.008811 0.064289
173.0 0.528053 0.000000 0.000000 0.000000 0.000000 0.000000 0.130167 0.223042 0.000000 0.000000 0.007006 0.026059 0.008509 0.008509 0.068656
174.0 0.524511 0.000000 0.000000 0.000000 0.000000 0.000000 0.133749 0.220234 0.000000 0.000000 0.006733 0.025531 0.008264 0.008264 0.072713
175.0 0.519983 0.000000 0.000000 0.000000 0.000000 0.000000 0.137075 0.218902 0.000000 0.000000 0.006653 0.025229 0.008087 0.008087 0.075984
176.0 0.514146 0.000000 0.000000 0.000000 0.000000 0.000000 0.139936 0.219580 0.000000 0.000000 0.006938 0.025267 0.007980 0.007980 0.078173
177.0 0.507025 0.000000 0.000000 0.000000 0.000000 0.000000 0.142268 0.222239 0.000000 0.000000 0.007673 0.025652 0.007944 0.007944 0.079255
178.0 0.499050 0.000000 0.000000 0.000000 0.000000 0.000000 0.144146 0.226263 0.000000 0.000000 0.008808 0.026280 0.007973 0.007973 0.079507
179.0 0.490961 0.000000 0.000000 0.000000 0.000000 0.000000 0.145746 0.230607 0.000000 0.000000 0.010151 0.026957 0.008059 0.008059 0.079458
180.0 0.483598 0.000000 0.000000 0.000000 0.000000 0.000000 0.147297 0.234099 0.000000 0.000000 0.011407 0.027467 0.008192 0.008192 0.079748
181.0 0.477643 0.000000 0.000000 0.000000 0.000000 0.000000 0.149001 0.235797 0.000000 0.000000 0.012261 0.027635 0.008357 0.008357 0.080948
182.0 0.473423 0.000000 0.000000 0.000000 0.000000 0.000000 0.150939 0.235280 0.000000 0.000000 0.012487 0.027395 0.008542 0.008542 0.083391
183.0 0.470821 0.000000 0.000000 0.000000 0.000000 0.000000 0.152998 0.232799 0.000000 0.000000 0.012041 0.026821 0.008731 0.008731 0.087059
184.0 0.469317 0.000000 0.000000 0.000000 0.000000 0.000000 0.154890 0.229221 0.000000 0.000000 0.011089 0.026110 0.008912 0.008912 0.091548
185.0 0.468158 0.000000 0.000000 0.000000 0.000000 0.000000 0.156260 0.225806 0.000000 0.000000 0.009953 0.025535 0.009076 0.009076 0.096137
186.0 0.466616 0.000000 0.000000 0.000000 0.000000 0.000000 0.156809 0.223822 0.000000 0.000000 0.009003 0.025355 0.009214 0.009214 0.099967
187.0 0.464274 0.000000 0.000000 0.000000 0.000000 0.000000 0.156377 0.224145 0.000000 0.000000 0.008519 0.025733 0.009323 0.009323 0.102306
188.0 0.461202 0.000000 0.000000 0.000000 0.000000 0.000000 0.154984 0.226959 0.000000 0.000000 0.008595 0.026671 0.009402 0.009402 0.102786
189.0 0.457930 0.000000 0.000000 0.000000 0.000000 0.000000 0.152834 0.231687 0.000000 0.000000 0.009092 0.028004 0.009452 0.009452 0.101549
190.0 0.455244 0.000000 0.000000 0.000000 0.000000 0.000000 0.150269 0.237181 0.000000 0.000000 0.009685 0.029445 0.009476 0.009476 0.099225
191.0 0.453888 0.000000 0.000000 0.000000 0.000000 0.000000 0.147627 0.242087 0.000000 0.000000 0.009993 0.030675 0.009477 0.009477 0.096777
192.0 0.454280 0.000000 0.000000 0.000000 0.000000 0.000000 0.145099 0.245300 0.000000 0.000000 0.009734 0.031443 0.009460 0.009460 0.095224
193.0 0.456316 0.000000 0.000000 0.000000 0.000000 0.000000 0.142678 0.246354 0.000000 0.000000 0.008837 0.031648 0.009431 0.009431 0.095305
194.0 0.459347 0.000000 0.000000 0.000000 0.000000 0.000000 0.140212 0.245620 0.000000 0.000000 0.007463 0.031366 0.009396 0.009396 0.097200
195.0 0.462384 0.000000 0.000000 0.000000 0.000000 0.000000 0.137501 0.244203 0.000000 0.000000 0.005932 0.030822 0.009363 0.009363 0.100433
196.0 0.464477 0.000000 0.000000 0.000000 0.000000 0.000000 0.134382 0.243554 0.000000 0.000000 0.004602 0.030294 0.009340 0.009340 0.104011
197.0 0.465085 0.000000 0.000000 0.000000 0.000000 0.000000 0.130805 0.244935 0.000000 0.000000 0.003734 0.030008 0.009338 0.009338 0.106756
198.0 0.464259 0.000000 0.000000 0.000000 0.000000 0.000000 0.126904 0.248968 0.000000 0.000000 0.003390 0.030051 0.009363 0.009363 0.107702
199.0 0.462588 0.000000 0.000000 0.000000 0.000000 0.000000 0.122966 0.255382 0.000000 0.000000 0.003433 0.030340 0.009420 0.009420 0.106451
200.0 0.460952 0.000000 0.000000 0.000000 0.000000 0.000000 0.119305 0.263081 0.000000 0.000000 0.003612 0.030661 0.009507 0.009507 0.103375
